9.277567973516150701e+00
9.329509503051395924e+00
9.313509188793236859e+00
9.128181765202118214e+00
9.324608022281564601e+00
9.396561458508001508e+00
9.351604627760053745e+00
9.334106149700488686e+00
9.245514423779289004e+00
9.333004602161432572e+00
9.241393724160598566e+00
9.304721980470141318e+00
9.221618963505926914e+00
9.350622101944694009e+00
9.373961679920016721e+00
9.353930522133897085e+00
9.445569451468184496e+00
9.280547107909260518e+00
9.318513338417970360e+00
9.321194377378759555e+00
9.289813082835420843e+00
9.325256400870886253e+00
9.274584887084975193e+00
9.290200030164157852e+00
9.324691775346094502e+00
9.384651030077021616e+00
9.276141766053060067e+00
9.316644832362911188e+00
9.299498462452758574e+00
9.314165442396603822e+00
9.212273962483582324e+00
9.278401063584921005e+00
9.346201216172163484e+00
9.317963155389479724e+00
9.272882883971776735e+00
9.250956137009042735e+00
9.286387450633993623e+00
9.342420662701208300e+00
9.282745698586033711e+00
9.359941306241575276e+00
9.375913947830195383e+00
9.309969029599518109e+00
9.344817183208153466e+00
9.380290768604631069e+00
9.342348907458577045e+00
9.297388509970456738e+00
9.348959432404791769e+00
9.192116243228261041e+00
9.383375089510547440e+00
9.368547845998723034e+00
9.296789806409814005e+00
9.274067325344466539e+00
9.327777039278595694e+00
9.443414613172915750e+00
9.367059999147276272e+00
9.507973431813613985e+00
9.351688947063726332e+00
9.432375110432850818e+00
9.424117976933899854e+00
9.377432693154416299e+00
9.304516133519816989e+00
9.152890116304298829e+00
9.205316412377229085e+00
9.188415875314587922e+00
9.178515800280914405e+00
9.255464967309562141e+00
9.292495159464980503e+00
9.201804376525869245e+00
9.378363221335042965e+00
9.198076824932437390e+00
9.288338219002381990e+00
9.239942518080573208e+00
9.229217287356068056e+00
9.186646635529307048e+00
9.312770707139799597e+00
9.201258112375786169e+00
9.310422890693814679e+00
9.331242946748526279e+00
9.341075856831038138e+00
9.227298398420657577e+00
9.384539968579099778e+00
9.368715289416520875e+00
9.301856611278465081e+00
9.283707689278495323e+00
9.273076910844871179e+00
9.400431632258786863e+00
9.274373994021194889e+00
9.250721981517733283e+00
9.375445448876316590e+00
9.396570979812043589e+00
9.254760926026483148e+00
9.350971198113731120e+00
9.203958286779936770e+00
9.248953781154845899e+00
9.256493040944674178e+00
9.250158098588329381e+00
9.226701878925748446e+00
9.268933962009732852e+00
9.418851374725985437e+00
