9.303534551818545495e+00
9.295688753619076650e+00
9.282450748979599098e+00
9.276876349145346978e+00
9.242473039824950831e+00
9.262312512959901767e+00
9.260168476140357541e+00
9.268633923316029311e+00
9.306777247440978229e+00
9.269232087090532701e+00
9.294319907587945906e+00
9.257128756906514155e+00
9.286461101284949393e+00
9.298622920447973783e+00
9.332312509675846357e+00
9.348881332667424715e+00
9.306410980437490821e+00
9.321530029802735484e+00
9.325235907221541609e+00
9.303400106321568330e+00
