LabVIEW Measurement	
Writer_Version	2
Reader_Version	2
Separator	Tab
Decimal_Separator	.
Multi_Headings	Yes
X_Columns	One
Time_Pref	Absolute
Operator	labuser
Date	2023/05/16
Time	10:55:19.6337600624996754954
***End_of_Header***	
	
Channels	1	
Samples	620	
Date	2023/05/16	
Time	10:55:19.6337600624996754954	
Y_Unit_Label	Volts	
X_Dimension	Time	
X0	0.0000000000000000E+0	
Delta_X	0.008065	
***End_of_Header***		
X_Value	Voltage	Comment
0.000000	1.625540
0.008065	1.615028
0.016129	1.637007
0.024194	1.574574
0.032258	1.626495
0.040323	1.663764
0.048387	1.550683
0.056452	1.622673
0.064516	1.627132
0.072581	1.560239
0.080645	1.626814
0.088710	1.592093
0.096774	1.603242
0.104839	1.625221
0.112903	1.610887
0.120968	1.623628
0.129032	1.650067
0.137097	1.572344
0.145161	1.622354
0.153226	1.601968
0.161290	1.584448
0.169355	1.629044
0.177419	1.629044
0.185484	1.616621
0.193548	1.640829
0.201613	1.594641
0.209677	1.624584
0.217742	1.651978
0.225806	1.590819
0.233871	1.631910
0.241935	1.610250
0.250000	1.583811
0.258064	1.622354
0.266129	1.612480
0.274193	1.586041
0.282258	1.623628
0.290322	1.618850
0.298387	1.591456
0.306451	1.632547
0.314516	1.613117
0.322581	1.626814
0.330645	1.650067
0.338710	1.623628
0.346774	1.623628
0.354839	1.648793
0.362903	1.587952
0.370968	1.593686
0.379032	1.637644
0.387097	1.576803
0.395161	1.611842
0.403226	1.594323
0.411290	1.611842
0.419355	1.611524
0.427419	1.645608
0.435484	1.578077
0.443548	1.616939
0.451613	1.620443
0.459677	1.621080
0.467742	1.631592
0.475806	1.603242
0.483871	1.620443
0.491935	1.669498
0.500000	1.588271
0.508064	1.601331
0.516129	1.648156
0.524193	1.575211
0.532258	1.619806
0.540322	1.630955
0.548387	1.558010
0.556451	1.637963
0.564516	1.618213
0.572580	1.559602
0.580645	1.644015
0.588709	1.617895
0.596774	1.618532
0.604838	1.647519
0.612903	1.604516
0.620967	1.626495
0.629032	1.606109
0.637096	1.572344
0.645161	1.612798
0.653226	1.625221
0.661290	1.568521
0.669355	1.619806
0.677419	1.619806
0.685484	1.557054
0.693548	1.622036
0.701613	1.627132
0.709677	1.584130
0.717742	1.623310
0.725806	1.613435
0.733871	1.613435
0.741935	1.641148
0.750000	1.595279
0.758064	1.619169
0.766129	1.638918
0.774193	1.602923
0.782258	1.606746
0.790322	1.651660
0.798387	1.581263
0.806451	1.632866
0.814516	1.668542
0.822580	1.586678
0.830645	1.628088
0.838709	1.613435
0.846774	1.571707
0.854838	1.632229
0.862903	1.610887
0.870967	1.619806
0.879032	1.644015
0.887096	1.579670
0.895161	1.618532
0.903225	1.633822
0.911290	1.572981
0.919354	1.629044
0.927419	1.625221
0.935483	1.608657
0.943548	1.639237
0.951612	1.597508
0.959677	1.617895
0.967742	1.654527
0.975806	1.581900
0.983871	1.623947
0.991935	1.633822
1.000000	1.567884
1.008064	1.628088
1.016129	1.618850
1.024193	1.628725
1.032258	1.659305
1.040322	1.594641
1.048387	1.617576
1.056451	1.662490
1.064516	1.591138
1.072580	1.623310
1.080645	1.620124
1.088709	1.572344
1.096774	1.633185
1.104838	1.614391
1.112903	1.568840
1.120967	1.625221
1.129032	1.617895
1.137096	1.617258
1.145161	1.637644
1.153225	1.608657
1.161290	1.575848
1.169354	1.628088
1.177419	1.571070
1.185483	1.620443
1.193548	1.644652
1.201612	1.614709
1.209677	1.630636
1.217741	1.619487
1.225806	1.615028
1.233870	1.637007
1.241935	1.610250
1.249999	1.619487
1.258064	1.628406
1.266128	1.613117
1.274193	1.618532
1.282257	1.646563
1.290322	1.651660
1.298387	1.658030
1.306451	1.610250
1.314516	1.621080
1.322580	1.664401
1.330645	1.574574
1.338709	1.614391
1.346774	1.659305
1.354838	1.586359
1.362903	1.647519
1.370967	1.617258
1.379032	1.600375
1.387096	1.624584
1.395161	1.617576
1.403225	1.616939
1.411290	1.675232
1.419354	1.612480
1.427419	1.626495
1.435483	1.653571
1.443548	1.605472
1.451612	1.626814
1.459677	1.613117
1.467741	1.616302
1.475806	1.653571
1.483870	1.596234
1.491935	1.624903
1.499999	1.625221
1.508064	1.620124
1.516128	1.638281
1.524193	1.611524
1.532257	1.605790
1.540322	1.634140
1.548386	1.585085
1.556451	1.617576
1.564515	1.612798
1.572580	1.597190
1.580644	1.638281
1.588709	1.617258
1.596773	1.544631
1.604838	1.680965
1.612903	1.603560
1.620967	1.604835
1.629032	1.634140
1.637096	1.604516
1.645161	1.617895
1.653225	1.628088
1.661290	1.613435
1.669354	1.639555
1.677419	1.596871
1.685483	1.538260
1.693548	1.671409
1.701612	1.572662
1.709677	1.628406
1.717741	1.653252
1.725806	1.566610
1.733870	1.619806
1.741935	1.622036
1.749999	1.560239
1.758064	1.624584
1.766128	1.596871
1.774193	1.614072
1.782257	1.659942
1.790322	1.573299
1.798386	1.630955
1.806451	1.635096
1.814515	1.578077
1.822580	1.641467
1.830644	1.631592
1.838709	1.595916
1.846773	1.637644
1.854838	1.610568
1.862902	1.619487
1.870967	1.648474
1.879031	1.587315
1.887096	1.627132
1.895160	1.618532
1.903225	1.592093
1.911289	1.625540
1.919354	1.634459
1.927418	1.597190
1.935483	1.646563
1.943548	1.591138
1.951612	1.628406
1.959677	1.649111
1.967741	1.590182
1.975806	1.629999
1.983870	1.606746
1.991935	1.626495
1.999999	1.636051
2.008064	1.605472
2.016128	1.617258
2.024193	1.638600
2.032257	1.574892
2.040322	1.627132
2.048386	1.644652
2.056451	1.590819
2.064515	1.619487
2.072580	1.614709
2.080644	1.613117
2.088709	1.648793
2.096773	1.623310
2.104838	1.618850
2.112902	1.635096
2.120967	1.635733
2.129031	1.619487
2.137096	1.606746
2.145160	1.621717
2.153225	1.658030
2.161289	1.584767
2.169354	1.617576
2.177418	1.644970
2.185483	1.572981
2.193547	1.624903
2.201612	1.633503
2.209676	1.560876
2.217741	1.659623
2.225805	1.583811
2.233870	1.613117
2.241934	1.618213
2.249999	1.588908
2.258064	1.622036
2.266128	1.625540
2.274193	1.591456
2.282257	1.639237
2.290322	1.598782
2.298386	1.612798
2.306451	1.643696
2.314515	1.597827
2.322580	1.629681
2.330644	1.644652
2.338709	1.621080
2.346773	1.627132
2.354838	1.631592
2.362902	1.578077
2.370967	1.633822
2.379031	1.609294
2.387096	1.607064
2.395160	1.633822
2.403225	1.601331
2.411289	1.614391
2.419354	1.654208
2.427418	1.595916
2.435483	1.625858
2.443547	1.619169
2.451612	1.583174
2.459676	1.616939
2.467741	1.630318
2.475805	1.622673
2.483870	1.637326
2.491934	1.615346
2.499999	1.601012
2.508063	1.660579
2.516128	1.604516
2.524192	1.527111
2.532257	1.645608
2.540321	1.570433
2.548386	1.609931
2.556450	1.634140
2.564515	1.562788
2.572579	1.624903
2.580644	1.593367
2.588709	1.582218
2.596773	1.632547
2.604838	1.602605
2.612902	1.621080
2.620967	1.617576
2.629031	1.590182
2.637096	1.622354
2.645160	1.652615
2.653225	1.573618
2.661289	1.630318
2.669354	1.624265
2.677418	1.581263
2.685483	1.648156
2.693547	1.608339
2.701612	1.561195
2.709676	1.638600
2.717741	1.601649
2.725805	1.627451
2.733870	1.607064
2.741934	1.588271
2.749999	1.623628
2.758063	1.601649
2.766128	1.582537
2.774192	1.624265
2.782257	1.642422
2.790321	1.587315
2.798386	1.622991
2.806450	1.610568
2.814515	1.584767
2.822579	1.610568
2.830644	1.571388
2.838708	1.620443
2.846773	1.643378
2.854837	1.604198
2.862902	1.615983
2.870966	1.642422
2.879031	1.579033
2.887095	1.626495
2.895160	1.630636
2.903225	1.625540
2.911289	1.635733
2.919354	1.612798
2.927418	1.601012
2.935483	1.644970
2.943547	1.643696
2.951612	1.624265
2.959676	1.647200
2.967741	1.584767
2.975805	1.592412
2.983870	1.619169
2.991934	1.579670
2.999999	1.619806
3.008063	1.622354
3.016128	1.584130
3.024192	1.634140
3.032257	1.623628
3.040321	1.609613
3.048386	1.647200
3.056450	1.602605
3.064515	1.616939
3.072579	1.606109
3.080644	1.584448
3.088708	1.630955
3.096773	1.622354
3.104837	1.591138
3.112902	1.633822
3.120966	1.638918
3.129031	1.582856
3.137095	1.613754
3.145160	1.614072
3.153224	1.589226
3.161289	1.648156
3.169353	1.571707
3.177418	1.607064
3.185482	1.639237
3.193547	1.576166
3.201611	1.629681
3.209676	1.629362
3.217740	1.630636
3.225805	1.623310
3.233870	1.592412
3.241934	1.616302
3.249999	1.656119
3.258063	1.571707
3.266128	1.610568
3.274192	1.620762
3.282257	1.560876
3.290321	1.627132
3.298386	1.626177
3.306450	1.632866
3.314515	1.634140
3.322579	1.597508
3.330644	1.616621
3.338708	1.645608
3.346773	1.596553
3.354837	1.617895
3.362902	1.627769
3.370966	1.619169
3.379031	1.631273
3.387095	1.620443
3.395160	1.586997
3.403224	1.620443
3.411289	1.608339
3.419353	1.603879
3.427418	1.629999
3.435482	1.598464
3.443547	1.624584
3.451611	1.638918
3.459676	1.594641
3.467740	1.606427
3.475805	1.623947
3.483869	1.568203
3.491934	1.635096
3.499998	1.602286
3.508063	1.600057
3.516127	1.635414
3.524192	1.604516
3.532256	1.577440
3.540321	1.632866
3.548386	1.578077
3.556450	1.621399
3.564515	1.657075
3.572579	1.584130
3.580644	1.628725
3.588708	1.636370
3.596773	1.569158
3.604837	1.613117
3.612902	1.622673
3.620966	1.620124
3.629031	1.629681
3.637095	1.592093
3.645160	1.616939
3.653224	1.643696
3.661289	1.602286
3.669353	1.633822
3.677418	1.637963
3.685482	1.617576
3.693547	1.642422
3.701611	1.609613
3.709676	1.613754
3.717740	1.607383
3.725805	1.598145
3.733869	1.619487
3.741934	1.582537
3.749998	1.594004
3.758063	1.630318
3.766127	1.614072
3.774192	1.617576
3.782256	1.637326
3.790321	1.601012
3.798385	1.621080
3.806450	1.660897
3.814514	1.602605
3.822579	1.635096
3.830643	1.610250
3.838708	1.606746
3.846772	1.635096
3.854837	1.603879
3.862901	1.622036
3.870966	1.653889
3.879031	1.623628
3.887095	1.625221
3.895160	1.613117
3.903224	1.606746
3.911289	1.632866
3.919353	1.603242
3.927418	1.643696
3.935482	1.644015
3.943547	1.597827
3.951611	1.620443
3.959676	1.664401
3.967740	1.575529
3.975805	1.616621
3.983869	1.626177
3.991934	1.630955
3.999998	1.648474
4.008063	1.586678
4.016127	1.617258
4.024192	1.664720
4.032256	1.593049
4.040321	1.607064
4.048385	1.631910
4.056450	1.596553
4.064514	1.622673
4.072579	1.628406
4.080643	1.571388
4.088708	1.637644
4.096772	1.613435
4.104837	1.620762
4.112901	1.647837
4.120966	1.604835
4.129030	1.625858
4.137095	1.647837
4.145159	1.583811
4.153224	1.626177
4.161288	1.606746
4.169353	1.567247
4.177417	1.647200
4.185482	1.609931
4.193547	1.588908
4.201611	1.614709
4.209676	1.569795
4.217740	1.622354
4.225805	1.657393
4.233869	1.604835
4.241934	1.623628
4.249998	1.612161
4.258063	1.604516
4.266127	1.623947
4.274192	1.613754
4.282256	1.612161
4.290321	1.611524
4.298385	1.596871
4.306450	1.617895
4.314514	1.671728
4.322579	1.594323
4.330643	1.622354
4.338708	1.596553
4.346772	1.581263
4.354837	1.624903
4.362901	1.619487
4.370966	1.586041
4.379030	1.626495
4.387095	1.592412
4.395159	1.614072
4.403224	1.655164
4.411288	1.586359
4.419353	1.621717
4.427417	1.642104
4.435482	1.568203
4.443546	1.625221
4.451611	1.602605
4.459675	1.580944
4.467740	1.630636
4.475804	1.611842
4.483869	1.570751
4.491933	1.648474
4.499998	1.604516
4.508062	1.620762
4.516127	1.622354
4.524192	1.582218
4.532256	1.624903
4.540321	1.633822
4.548385	1.577440
4.556450	1.617895
4.564514	1.604198
4.572579	1.556735
4.580643	1.632547
4.588708	1.615983
4.596772	1.613117
4.604837	1.663127
4.612901	1.617576
4.620966	1.617258
4.629030	1.655482
4.637095	1.575529
4.645159	1.622673
4.653224	1.629044
4.661288	1.593367
4.669353	1.629999
4.677417	1.629362
4.685482	1.604835
4.693546	1.637326
4.701611	1.606746
4.709675	1.610250
4.717740	1.627451
4.725804	1.599419
4.733869	1.623947
4.741933	1.628725
4.749998	1.603879
4.758062	1.612161
4.766127	1.619169
4.774191	1.590182
4.782256	1.629044
4.790320	1.648793
4.798385	1.585722
4.806449	1.632547
4.814514	1.614072
4.822578	1.646563
4.830643	1.665675
4.838708	1.626177
4.846772	1.622036
4.854837	1.623628
4.862901	1.590182
4.870966	1.624903
4.879030	1.642741
4.887095	1.568840
4.895159	1.609294
4.903224	1.592412
4.911288	1.572344
4.919353	1.629999
4.927417	1.626814
4.935482	1.594323
4.943546	1.635733
4.951611	1.620762
4.959675	1.588908
4.967740	1.628725
4.975804	1.605153
4.983869	1.537623
4.991933	1.650704

