LabVIEW Measurement	
Writer_Version	2
Reader_Version	2
Separator	Tab
Decimal_Separator	.
Multi_Headings	Yes
X_Columns	One
Time_Pref	Absolute
Operator	labuser
Date	2023/05/16
Time	11:15:09.5612738624997130283
***End_of_Header***	
	
Channels	1	
Samples	620	
Date	2023/05/16	
Time	11:15:09.5612738624997130283	
Y_Unit_Label	Volts	
X_Dimension	Time	
X0	0.0000000000000000E+0	
Delta_X	0.008065	
***End_of_Header***		
X_Value	Voltage	Comment
0.000000	1.412438
0.008065	1.251895
0.016129	1.491117
0.024194	1.391733
0.032258	1.326432
0.040323	1.435691
0.048387	1.464359
0.056452	1.498124
0.064516	1.531571
0.072581	1.244250
0.080645	1.624903
0.088710	1.604516
0.096774	1.485064
0.104839	1.470730
0.112903	1.419764
0.120968	1.325158
0.129032	1.398741
0.137097	1.512140
0.145161	1.404156
0.153226	1.359560
0.161290	1.480923
0.169355	1.533482
0.177419	1.356056
0.185484	1.363701
0.193548	1.513096
0.201613	1.505451
0.209677	1.385362
0.217742	1.427409
0.225806	1.535393
0.233871	1.318788
0.241935	1.504177
0.250000	1.568840
0.258064	1.541446
0.266129	1.390140
0.274193	1.494620
0.282258	1.436010
0.290322	1.440469
0.298387	1.431869
0.306451	1.490480
0.314516	1.569795
0.322581	1.507999
0.330645	1.536668
0.338710	1.303498
0.346774	1.620443
0.354839	1.482835
0.362903	1.531571
0.370968	1.511822
0.379032	1.272918
0.387097	1.571707
0.395161	1.350641
0.403226	1.527111
0.411290	1.539216
0.419355	1.413075
0.427419	1.526156
0.435484	1.411482
0.443548	1.356056
0.451613	1.401926
0.459677	1.273874
0.467742	1.578396
0.475806	1.503858
0.483871	1.354782
0.491935	1.314328
0.500000	1.533801
0.508064	1.312098
0.516129	1.543994
0.524193	1.306683
0.532258	1.496213
0.540322	1.608339
0.548387	1.513414
0.556451	1.461493
0.564516	1.384088
0.572580	1.500354
0.580645	1.359879
0.588709	1.575211
0.596774	1.494302
0.604838	1.451299
0.612903	1.561832
0.620967	1.603879
0.629032	1.523607
0.637096	1.472641
0.645161	1.522015
0.653226	1.537305
0.661290	1.569795
0.669355	1.270688
0.677419	1.329618
0.685484	1.399696
0.693548	1.318469
0.701613	1.308913
0.709677	1.368798
0.717742	1.561832
0.725806	1.327707
0.733871	1.402563
0.741935	1.375806
0.750000	1.443017
0.758064	1.590500
0.766129	1.463404
0.774193	1.465952
0.782258	1.612798
0.790322	1.590182
0.798387	1.534438
0.806451	1.421994
0.814516	1.472960
0.822580	1.418171
0.830645	1.580944
0.838709	1.289482
0.846774	1.408297
0.854838	1.406067
0.862903	1.443973
0.870967	1.455759
0.879032	1.603242
0.887096	1.469137
0.895161	1.359242
0.903225	1.437602
0.911290	1.379310
0.919354	1.476145
0.927419	1.489524
0.935483	1.346819
0.943548	1.524245
0.951612	1.423587
0.959677	1.539534
0.967742	1.567566
0.975806	1.495895
0.983871	1.599419
0.991935	1.578715
1.000000	1.427409
1.008064	1.358605
1.016129	1.576485
1.024193	1.361472
1.032258	1.465634
1.040322	1.541446
1.048387	1.532208
1.056451	1.390777
1.064516	1.548453
1.072580	1.518192
1.080645	1.533164
1.088709	1.635733
1.096774	1.493665
1.104838	1.607383
1.112903	1.521059
1.120967	1.391096
1.129032	1.572025
1.137096	1.605153
1.145161	1.539534
1.153225	1.564380
1.161290	1.433780
1.169354	1.412756
1.177419	1.507999
1.185483	1.529660
1.193548	1.285341
1.201612	1.509910
1.209677	1.596871
1.217741	1.428365
1.225806	1.555143
1.233870	1.551002
1.241935	1.539534
1.249999	1.301268
1.258064	1.484746
1.266128	1.433143
1.274193	1.466271
1.282257	1.512459
1.290322	1.512459
1.298387	1.538579
1.306451	1.508318
1.314516	1.445566
1.322580	1.456714
1.330645	1.455440
1.338709	1.337581
1.346774	1.449707
1.354838	1.513414
1.362903	1.483790
1.370967	1.598464
1.379032	1.575529
1.387096	1.513096
1.395161	1.591775
1.403225	1.422631
1.411290	1.471686
1.419354	1.333440
1.427419	1.405748
1.435483	1.494620
1.443548	1.551002
1.451612	1.544631
1.459677	1.540490
1.467741	1.451618
1.475806	1.547498
1.483870	1.509273
1.491935	1.306046
1.499999	1.456396
1.508064	1.565017
1.516128	1.380902
1.524193	1.325477
1.532257	1.428365
1.540322	1.344589
1.548386	1.556098
1.556451	1.575529
1.564515	1.508318
1.572580	1.454803
1.580644	1.622673
1.588709	1.439513
1.596773	1.549409
1.604838	1.551957
1.612903	1.526156
1.620967	1.522652
1.629032	1.543038
1.637096	1.571070
1.645161	1.538260
1.653225	1.495895
1.661290	1.353508
1.669354	1.544312
1.677419	1.435372
1.685483	1.550683
1.693548	1.582537
1.701612	1.422631
1.709677	1.447795
1.717741	1.381858
1.725806	1.653889
1.733870	1.540171
1.741935	1.603879
1.749999	1.531252
1.758064	1.583493
1.766128	1.565654
1.774193	1.507681
1.782257	1.541127
1.790322	1.479649
1.798386	1.583493
1.806451	1.525519
1.814515	1.402563
1.822580	1.627132
1.830644	1.563743
1.838709	1.636370
1.846773	1.509910
1.854838	1.559284
1.862902	1.533482
1.870967	1.489205
1.879031	1.364657
1.887096	1.504495
1.895160	1.542401
1.903225	1.470412
1.911289	1.587952
1.919354	1.413712
1.927418	1.452892
1.935483	1.543994
1.943548	1.642104
1.951612	1.437602
1.959677	1.495258
1.967741	1.360835
1.975806	1.436328
1.983870	1.459581
1.991935	1.461174
1.999999	1.396192
2.008064	1.431231
2.016128	1.295853
2.024193	1.531889
2.032257	1.561195
2.040322	1.430594
2.048386	1.473597
2.056451	1.543357
2.064515	1.455759
2.072580	1.557691
2.080644	1.375806
2.088709	1.501947
2.096773	1.494620
2.104838	1.476145
2.112902	1.431550
2.120967	1.538579
2.129031	1.393644
2.137096	1.327070
2.145160	1.504495
2.153225	1.450981
2.161289	1.484109
2.169354	1.528386
2.177418	1.531889
2.185483	1.538579
2.193547	1.513096
2.201612	1.607701
2.209676	1.585085
2.217741	1.570751
2.225805	1.573936
2.233870	1.549090
2.241934	1.519785
2.249999	1.483153
2.258064	1.418808
2.266128	1.478694
2.274193	1.249028
2.282257	1.334396
2.290322	1.407341
2.298386	1.444610
2.306451	1.393007
2.314515	1.552594
2.322580	1.413393
2.330644	1.537623
2.338709	1.573299
2.346773	1.255398
2.354838	1.579989
2.362902	1.271962
2.370967	1.563743
2.379031	1.517555
2.387096	1.358286
2.395160	1.514370
2.403225	1.480286
2.411289	1.562469
2.419354	1.586997
2.427418	1.390459
2.435483	1.611205
2.443547	1.401289
2.451612	1.592730
2.459676	1.438558
2.467741	1.495258
2.475805	1.582218
2.483870	1.452573
2.491934	1.493665
2.499999	1.487931
2.508063	1.453211
2.516128	1.397148
2.524192	1.464359
2.532257	1.594641
2.540321	1.566292
2.548386	1.653571
2.556450	1.491435
2.564515	1.418490
2.572579	1.481879
2.580644	1.517555
2.588709	1.507043
2.596773	1.576485
2.604838	1.312735
2.612902	1.369754
2.620967	1.309550
2.629031	1.481879
2.637096	1.480923
2.645160	1.496532
2.653225	1.500354
2.661289	1.523289
2.669354	1.410845
2.677418	1.525200
2.685483	1.434417
2.693547	1.520422
2.701612	1.481242
2.709676	1.442062
2.717741	1.585722
2.725805	1.565654
2.733870	1.456396
2.741934	1.471686
2.749999	1.563743
2.758063	1.345863
2.766128	1.374850
2.774192	1.406704
2.782257	1.559284
2.790321	1.564380
2.798386	1.473278
2.806450	1.538579
2.814515	1.438876
2.822579	1.549090
2.830644	1.568521
2.838708	1.352553
2.846773	1.364657
2.854837	1.391733
2.862902	1.364976
2.870966	1.447477
2.879031	1.472960
2.887095	1.475190
2.895160	1.421675
2.903225	1.560239
2.911289	1.503221
2.919354	1.235012
2.927418	1.462448
2.935483	1.504495
2.943547	1.486020
2.951612	1.410526
2.959676	1.491117
2.967741	1.554187
2.975805	1.399378
2.983870	1.252850
2.991934	1.628088
2.999999	1.387273
3.008063	1.399059
3.016128	1.377080
3.024192	1.305727
3.032257	1.324840
3.040321	1.410208
3.048386	1.678098
3.056450	1.538579
3.064515	1.597190
3.072579	1.516918
3.080644	1.513733
3.088708	1.428683
3.096773	1.386955
3.104837	1.420083
3.112902	1.560876
3.120966	1.447477
3.129031	1.286615
3.137095	1.555461
3.145160	1.482198
3.153224	1.528067
3.161289	1.520422
3.169353	1.450344
3.177418	1.559602
3.185482	1.545268
3.193547	1.559602
3.201611	1.368479
3.209676	1.447158
3.217740	1.498761
3.225805	1.449070
3.233870	1.584448
3.241934	1.555780
3.249999	1.582856
3.258063	1.443017
3.266128	1.593049
3.274192	1.395874
3.282257	1.503540
3.290321	1.525200
3.298386	1.553869
3.306450	1.555780
3.314515	1.480923
3.322579	1.304135
3.330644	1.425179
3.338708	1.459263
3.346773	1.342041
3.354837	1.533164
3.362902	1.418490
3.370966	1.536986
3.379031	1.527111
3.387095	1.447795
3.395160	1.469775
3.403224	1.518192
3.411289	1.553869
3.419353	1.356694
3.427418	1.615983
3.435482	1.497487
3.443547	1.570114
3.451611	1.521378
3.459676	1.497806
3.467740	1.376443
3.475805	1.416260
3.483869	1.371665
3.491934	1.491117
3.499998	1.560239
3.508063	1.620443
3.516127	1.480286
3.524192	1.627769
3.532256	1.507999
3.540321	1.524882
3.548386	1.500673
3.556450	1.582537
3.564515	1.483790
3.572579	1.465952
3.580644	1.580944
3.588708	1.428046
3.596773	1.479649
3.604837	1.500036
3.612902	1.549090
3.620966	1.331211
3.629031	1.447158
3.637095	1.503221
3.645160	1.455759
3.653224	1.530297
3.661289	1.443017
3.669353	1.425498
3.677418	1.480286
3.685482	1.557691
3.693547	1.393644
3.701611	1.561832
3.709676	1.515325
3.717740	1.484427
3.725805	1.540171
3.733869	1.613435
3.741934	1.528386
3.749998	1.545905
3.758063	1.346819
3.766127	1.542083
3.774192	1.627132
3.782256	1.428365
3.790321	1.506725
3.798385	1.513733
3.806450	1.342041
3.814514	1.398741
3.822579	1.464678
3.830643	1.497169
3.838708	1.594004
3.846772	1.597827
3.854837	1.608976
3.862901	1.508955
3.870966	1.468819
3.879031	1.528067
3.887095	1.335033
3.895160	1.418808
3.903224	1.475190
3.911289	1.359879
3.919353	1.279289
3.927418	1.342041
3.935482	1.510229
3.943547	1.340130
3.951611	1.313691
3.959676	1.547498
3.967740	1.407978
3.975805	1.600694
3.983869	1.503540
3.991934	1.589863
3.999998	1.479331
4.008063	1.483790
4.016127	1.287889
4.024192	1.537305
4.032256	1.553231
4.040321	1.470730
4.048385	1.532208
4.056450	1.507043
4.064514	1.570433
4.072579	1.329936
4.080643	1.352871
4.088708	1.479012
4.096772	1.463404
4.104837	1.467226
4.112901	1.541127
4.120966	1.481242
4.129030	1.401607
4.137095	1.534756
4.145159	1.390140
4.153224	1.399059
4.161288	1.462130
4.169353	1.310506
4.177417	1.367524
4.185482	1.485383
4.193547	1.437602
4.201611	1.272281
4.209676	1.681284
4.217740	1.442380
4.225805	1.483472
4.233869	1.580944
4.241934	1.319425
4.249998	1.360197
4.258063	1.314009
4.266127	1.361153
4.274192	1.475508
4.282256	1.348093
4.290321	1.574255
4.298385	1.487931
4.306450	1.516918
4.314514	1.527111
4.322579	1.511503
4.330643	1.357968
4.338708	1.530297
4.346772	1.505451
4.354837	1.302224
4.362901	1.544312
4.370966	1.615028
4.379030	1.481242
4.387095	1.425498
4.395159	1.393007
4.403224	1.558965
4.411288	1.364020
4.419353	1.466271
4.427417	1.511822
4.435482	1.395237
4.443546	1.494939
4.451611	1.532845
4.459675	1.559921
4.467740	1.587315
4.475804	1.530934
4.483869	1.594323
4.491933	1.530615
4.499998	1.606746
4.508062	1.523289
4.516127	1.581581
4.524192	1.440150
4.532256	1.568840
4.540321	1.477738
4.548385	1.552594
4.556450	1.357012
4.564514	1.548453
4.572579	1.508318
4.580643	1.638281
4.588708	1.389184
4.596772	1.382495
4.604837	1.529978
4.612901	1.326432
4.620966	1.339492
4.629030	1.280244
4.637095	1.565017
4.645159	1.355738
4.653224	1.432824
4.661288	1.519785
4.669353	1.381221
4.677417	1.488887
4.685482	1.466589
4.693546	1.552276
4.701611	1.351597
4.709675	1.492709
4.717740	1.421357
4.725804	1.421994
4.733869	1.495576
4.741933	1.431869
4.749998	1.529660
4.758062	1.558328
4.766127	1.254124
4.774191	1.421038
4.782256	1.496532
4.790320	1.360835
4.798385	1.516918
4.806449	1.503858
4.814514	1.540490
4.822578	1.553869
4.830643	1.582218
4.838708	1.517237
4.846772	1.599101
4.854837	1.391096
4.862901	1.483153
4.870966	1.641785
4.879030	1.582537
4.887095	1.434417
4.895159	1.384088
4.903224	1.556098
4.911288	1.563106
4.919353	1.308276
4.927417	1.480286
4.935482	1.414030
4.943546	1.449070
4.951611	1.583174
4.959675	1.246161
4.967740	1.496532
4.975804	1.491117
4.983869	1.502902
4.991933	1.556417

