LabVIEW Measurement	
Writer_Version	2
Reader_Version	2
Separator	Tab
Decimal_Separator	.
Multi_Headings	Yes
X_Columns	One
Time_Pref	Absolute
Operator	labuser
Date	2023/05/16
Time	11:06:31.5754787624997056731
***End_of_Header***	
	
Channels	1	
Samples	620	
Date	2023/05/16	
Time	11:06:31.5754787624997056731	
Y_Unit_Label	Volts	
X_Dimension	Time	
X0	0.0000000000000000E+0	
Delta_X	0.008065	
***End_of_Header***		
X_Value	Voltage	Comment
0.000000	1.627451
0.008065	1.630636
0.016129	1.630955
0.024194	1.630955
0.032258	1.630318
0.040323	1.628406
0.048387	1.631273
0.056452	1.629999
0.064516	1.632547
0.072581	1.629999
0.080645	1.629362
0.088710	1.628725
0.096774	1.630318
0.104839	1.633503
0.112903	1.629681
0.120968	1.630636
0.129032	1.628406
0.137097	1.631592
0.145161	1.629999
0.153226	1.630955
0.161290	1.629362
0.169355	1.628725
0.177419	1.630955
0.185484	1.630955
0.193548	1.633822
0.201613	1.630318
0.209677	1.631592
0.217742	1.628406
0.225806	1.630636
0.233871	1.630318
0.241935	1.629999
0.250000	1.629999
0.258064	1.628406
0.266129	1.630955
0.274193	1.629999
0.282258	1.632866
0.290322	1.629044
0.298387	1.629999
0.306451	1.628725
0.314516	1.630636
0.322581	1.631273
0.330645	1.630636
0.338710	1.630318
0.346774	1.627132
0.354839	1.630636
0.362903	1.629999
0.370968	1.632547
0.379032	1.629044
0.387097	1.629681
0.395161	1.628725
0.403226	1.630318
0.411290	1.632229
0.419355	1.629999
0.427419	1.630955
0.435484	1.628725
0.443548	1.630955
0.451613	1.629999
0.459677	1.632229
0.467742	1.629681
0.475806	1.630318
0.483871	1.629999
0.491935	1.630318
0.500000	1.633822
0.508064	1.629681
0.516129	1.630955
0.524193	1.629044
0.532258	1.631273
0.540322	1.630636
0.548387	1.630318
0.556451	1.629044
0.564516	1.628725
0.572580	1.629999
0.580645	1.629681
0.588709	1.632547
0.596774	1.629681
0.604838	1.630636
0.612903	1.626177
0.620967	1.630636
0.629032	1.629362
0.637096	1.630636
0.645161	1.629362
0.653226	1.628406
0.661290	1.629362
0.669355	1.630955
0.677419	1.633185
0.685484	1.630636
0.693548	1.630636
0.701613	1.627769
0.709677	1.630955
0.717742	1.631273
0.725806	1.630636
0.733871	1.630636
0.741935	1.628088
0.750000	1.631592
0.758064	1.629999
0.766129	1.632229
0.774193	1.628406
0.782258	1.629999
0.790322	1.630636
0.798387	1.630955
0.806451	1.631910
0.814516	1.629362
0.822580	1.630636
0.830645	1.628406
0.838709	1.631592
0.846774	1.630955
0.854838	1.630955
0.862903	1.629999
0.870967	1.627451
0.879032	1.630636
0.887096	1.631273
0.895161	1.632547
0.903225	1.630318
0.911290	1.631273
0.919354	1.629681
0.927419	1.631273
0.935483	1.632547
0.943548	1.630636
0.951612	1.630636
0.959677	1.628088
0.967742	1.631273
0.975806	1.630955
0.983871	1.633503
0.991935	1.630318
1.000000	1.631592
1.008064	1.628725
1.016129	1.631273
1.024193	1.630318
1.032258	1.630636
1.040322	1.629362
1.048387	1.629999
1.056451	1.629681
1.064516	1.630955
1.072580	1.632547
1.080645	1.629362
1.088709	1.630318
1.096774	1.627451
1.104838	1.629362
1.112903	1.629362
1.120967	1.631592
1.129032	1.628725
1.137096	1.630318
1.145161	1.629044
1.153225	1.629999
1.161290	1.629681
1.169354	1.630955
1.177419	1.629044
1.185483	1.627451
1.193548	1.629362
1.201612	1.629044
1.209677	1.632229
1.217741	1.629681
1.225806	1.630318
1.233870	1.627769
1.241935	1.630955
1.249999	1.629044
1.258064	1.633185
1.266128	1.629681
1.274193	1.630318
1.282257	1.629362
1.290322	1.630955
1.298387	1.630955
1.306451	1.630955
1.314516	1.630636
1.322580	1.628088
1.330645	1.629681
1.338709	1.629362
1.346774	1.633185
1.354838	1.629362
1.362903	1.630636
1.370967	1.628725
1.379032	1.632229
1.387096	1.631273
1.395161	1.629999
1.403225	1.630636
1.411290	1.627132
1.419354	1.629999
1.427419	1.628725
1.435483	1.631273
1.443548	1.629044
1.451612	1.629044
1.459677	1.629999
1.467741	1.630955
1.475806	1.633185
1.483870	1.630318
1.491935	1.630955
1.499999	1.628725
1.508064	1.630955
1.516128	1.629681
1.524193	1.629362
1.532257	1.630318
1.540322	1.628088
1.548386	1.632229
1.556451	1.630636
1.564515	1.629681
1.572580	1.629681
1.580644	1.628406
1.588709	1.630318
1.596773	1.629681
1.604838	1.633185
1.612903	1.629681
1.620967	1.630636
1.629032	1.629362
1.637096	1.631273
1.645161	1.630636
1.653225	1.629999
1.661290	1.629362
1.669354	1.628406
1.677419	1.629999
1.685483	1.629999
1.693548	1.632229
1.701612	1.629044
1.709677	1.629681
1.717741	1.628406
1.725806	1.630318
1.733870	1.631910
1.741935	1.628725
1.749999	1.629999
1.758064	1.626495
1.766128	1.629999
1.774193	1.629044
1.782257	1.630318
1.790322	1.629044
1.798386	1.626814
1.806451	1.629999
1.814515	1.628406
1.822580	1.631592
1.830644	1.627769
1.838709	1.629044
1.846773	1.629044
1.854838	1.629044
1.862902	1.632229
1.870967	1.628725
1.879031	1.629999
1.887096	1.626495
1.895160	1.629999
1.903225	1.628406
1.911289	1.630318
1.919354	1.629362
1.927418	1.627451
1.935483	1.630318
1.943548	1.629681
1.951612	1.632547
1.959677	1.628406
1.967741	1.630318
1.975806	1.629362
1.983870	1.629044
1.991935	1.631910
1.999999	1.629362
2.008064	1.629999
2.016128	1.626814
2.024193	1.630955
2.032257	1.629044
2.040322	1.631273
2.048386	1.629044
2.056451	1.628406
2.064515	1.629681
2.072580	1.628725
2.080644	1.632229
2.088709	1.629362
2.096773	1.630636
2.104838	1.627769
2.112902	1.630636
2.120967	1.631273
2.129031	1.629681
2.137096	1.629044
2.145160	1.627132
2.153225	1.629681
2.161289	1.629681
2.169354	1.631910
2.177418	1.629044
2.185483	1.628406
2.193547	1.628725
2.201612	1.629999
2.209676	1.631273
2.217741	1.629044
2.225805	1.629999
2.233870	1.627769
2.241934	1.630318
2.249999	1.630318
2.258064	1.629044
2.266128	1.629362
2.274193	1.626814
2.282257	1.629681
2.290322	1.629362
2.298386	1.632229
2.306451	1.628406
2.314515	1.629362
2.322580	1.628725
2.330644	1.630318
2.338709	1.632547
2.346773	1.630318
2.354838	1.629044
2.362902	1.626814
2.370967	1.629362
2.379031	1.628088
2.387096	1.631592
2.395160	1.628725
2.403225	1.629362
2.411289	1.628725
2.419354	1.629681
2.427418	1.630636
2.435483	1.629044
2.443547	1.629362
2.451612	1.626814
2.459676	1.629362
2.467741	1.628088
2.475805	1.631910
2.483870	1.627451
2.491934	1.628725
2.499999	1.628406
2.508063	1.630636
2.516128	1.631592
2.524192	1.629999
2.532257	1.629681
2.540321	1.627769
2.548386	1.629999
2.556450	1.630636
2.564515	1.628088
2.572579	1.629681
2.580644	1.626177
2.588709	1.629999
2.596773	1.628406
2.604838	1.630955
2.612902	1.627769
2.620967	1.627451
2.629031	1.628406
2.637096	1.627769
2.645160	1.631910
2.653225	1.628406
2.661289	1.628725
2.669354	1.627769
2.677418	1.628725
2.685483	1.629681
2.693547	1.628406
2.701612	1.628725
2.709676	1.625540
2.717741	1.630318
2.725805	1.628725
2.733870	1.629681
2.741934	1.628088
2.749999	1.629044
2.758063	1.628725
2.766128	1.630318
2.774192	1.631592
2.782257	1.628406
2.790321	1.630318
2.798386	1.626814
2.806450	1.630636
2.814515	1.629999
2.822579	1.630636
2.830644	1.629044
2.838708	1.627769
2.846773	1.629681
2.854837	1.629362
2.862902	1.631910
2.870966	1.628725
2.879031	1.629999
2.887095	1.628088
2.895160	1.631273
2.903225	1.630318
2.911289	1.632229
2.919354	1.629044
2.927418	1.628406
2.935483	1.629999
2.943547	1.629681
2.951612	1.631910
2.959676	1.629044
2.967741	1.630318
2.975805	1.627769
2.983870	1.631592
2.991934	1.629681
2.999999	1.630636
3.008063	1.629362
3.016128	1.628088
3.024192	1.629362
3.032257	1.629362
3.040321	1.633185
3.048386	1.629044
3.056450	1.630636
3.064515	1.628088
3.072579	1.629999
3.080644	1.630636
3.088708	1.629681
3.096773	1.629362
3.104837	1.626814
3.112902	1.629362
3.120966	1.629044
3.129031	1.632547
3.137095	1.629999
3.145160	1.630955
3.153224	1.628406
3.161289	1.631273
3.169353	1.629999
3.177418	1.630318
3.185482	1.629044
3.193547	1.627451
3.201611	1.629999
3.209676	1.629362
3.217740	1.633503
3.225805	1.629362
3.233870	1.630955
3.241934	1.628725
3.249999	1.630955
3.258063	1.631273
3.266128	1.631273
3.274192	1.629999
3.282257	1.628406
3.290321	1.630636
3.298386	1.629999
3.306450	1.633185
3.314515	1.629999
3.322579	1.631273
3.330644	1.629044
3.338708	1.629681
3.346773	1.631273
3.354837	1.629999
3.362902	1.629999
3.370966	1.626814
3.379031	1.630636
3.387095	1.629362
3.395160	1.633185
3.403224	1.628406
3.411289	1.629362
3.419353	1.628406
3.427418	1.629681
3.435482	1.631592
3.443547	1.629681
3.451611	1.630636
3.459676	1.628725
3.467740	1.631273
3.475805	1.630636
3.483869	1.630318
3.491934	1.629681
3.499998	1.628406
3.508063	1.629999
3.516127	1.629681
3.524192	1.633822
3.532256	1.630318
3.540321	1.630318
3.548386	1.628088
3.556450	1.631273
3.564515	1.629999
3.572579	1.631910
3.580644	1.628725
3.588708	1.630318
3.596773	1.628725
3.604837	1.630955
3.612902	1.630318
3.620966	1.630318
3.629031	1.629999
3.637095	1.628725
3.645160	1.630318
3.653224	1.629362
3.661289	1.632229
3.669353	1.628406
3.677418	1.629999
3.685482	1.626495
3.693547	1.630636
3.701611	1.629044
3.709676	1.631592
3.717740	1.629044
3.725805	1.629044
3.733869	1.629681
3.741934	1.629044
3.749998	1.632866
3.758063	1.628725
3.766127	1.629362
3.774192	1.626814
3.782256	1.629362
3.790321	1.629681
3.798385	1.632547
3.806450	1.629044
3.814514	1.630636
3.822579	1.626495
3.830643	1.630636
3.838708	1.629999
3.846772	1.632866
3.854837	1.629681
3.862901	1.630636
3.870966	1.628406
3.879031	1.631273
3.887095	1.629999
3.895160	1.630955
3.903224	1.628406
3.911289	1.627769
3.919353	1.629044
3.927418	1.629999
3.935482	1.630636
3.943547	1.629681
3.951611	1.628406
3.959676	1.628406
3.967740	1.628725
3.975805	1.629681
3.983869	1.631273
3.991934	1.629681
3.999998	1.630318
4.008063	1.627132
4.016127	1.630955
4.024192	1.629362
4.032256	1.633185
4.040321	1.629681
4.048385	1.630636
4.056450	1.627451
4.064514	1.631592
4.072579	1.629999
4.080643	1.633185
4.088708	1.629999
4.096772	1.631910
4.104837	1.628088
4.112901	1.631592
4.120966	1.629362
4.129030	1.633185
4.137095	1.629362
4.145159	1.631592
4.153224	1.627769
4.161288	1.630636
4.169353	1.630955
4.177417	1.630955
4.185482	1.630318
4.193547	1.628088
4.201611	1.629999
4.209676	1.629362
4.217740	1.633185
4.225805	1.629681
4.233869	1.631592
4.241934	1.628088
4.249998	1.631273
4.258063	1.629681
4.266127	1.632547
4.274192	1.628725
4.282256	1.631910
4.290321	1.628725
4.298385	1.632229
4.306450	1.630955
4.314514	1.631273
4.322579	1.630636
4.330643	1.629362
4.338708	1.631273
4.346772	1.629999
4.354837	1.633503
4.362901	1.629362
4.370966	1.631273
4.379030	1.628406
4.387095	1.631592
4.395159	1.629362
4.403224	1.630955
4.411288	1.629681
4.419353	1.629362
4.427417	1.629681
4.435482	1.630636
4.443546	1.633822
4.451611	1.630636
4.459675	1.631592
4.467740	1.629681
4.475804	1.631910
4.483869	1.632229
4.491933	1.631273
4.499998	1.630636
4.508062	1.628406
4.516127	1.630955
4.524192	1.629681
4.532256	1.633822
4.540321	1.629362
4.548385	1.630636
4.556450	1.629362
4.564514	1.631273
4.572579	1.631592
4.580643	1.631273
4.588708	1.631273
4.596772	1.628725
4.604837	1.630955
4.612901	1.629362
4.620966	1.632866
4.629030	1.629999
4.637095	1.630955
4.645159	1.627451
4.653224	1.631273
4.661288	1.628725
4.669353	1.632866
4.677417	1.629362
4.685482	1.631273
4.693546	1.627451
4.701611	1.631592
4.709675	1.629681
4.717740	1.631592
4.725804	1.629044
4.733869	1.629044
4.741933	1.629044
4.749998	1.631592
4.758062	1.632547
4.766127	1.630636
4.774191	1.630636
4.782256	1.627769
4.790320	1.631273
4.798385	1.629362
4.806449	1.632866
4.814514	1.629999
4.822578	1.630955
4.830643	1.628088
4.838708	1.630636
4.846772	1.629681
4.854837	1.631910
4.862901	1.629044
4.870966	1.629999
4.879030	1.629362
4.887095	1.630636
4.895159	1.632547
4.903224	1.629999
4.911288	1.630318
4.919353	1.628088
4.927417	1.630955
4.935482	1.629044
4.943546	1.632547
4.951611	1.629362
4.959675	1.630318
4.967740	1.628406
4.975804	1.632547
4.983869	1.630318
4.991933	1.631273

