LabVIEW Measurement	
Writer_Version	2
Reader_Version	2
Separator	Tab
Decimal_Separator	.
Multi_Headings	Yes
X_Columns	One
Time_Pref	Absolute
Operator	labuser
Date	2023/05/16
Time	11:05:04.4524944624997693537
***End_of_Header***	
	
Channels	1	
Samples	620	
Date	2023/05/16	
Time	11:05:04.4524944624997693537	
Y_Unit_Label	Volts	
X_Dimension	Time	
X0	0.0000000000000000E+0	
Delta_X	0.008065	
***End_of_Header***		
X_Value	Voltage	Comment
0.000000	1.628406
0.008065	1.630955
0.016129	1.627132
0.024194	1.628406
0.032258	1.628406
0.040323	1.629681
0.048387	1.633185
0.056452	1.630636
0.064516	1.630318
0.072581	1.629044
0.080645	1.629362
0.088710	1.632866
0.096774	1.628088
0.104839	1.629044
0.112903	1.629681
0.120968	1.628725
0.129032	1.631592
0.137097	1.628725
0.145161	1.629044
0.153226	1.627451
0.161290	1.628406
0.169355	1.629999
0.177419	1.628088
0.185484	1.628725
0.193548	1.626177
0.201613	1.628725
0.209677	1.629681
0.217742	1.627451
0.225806	1.628406
0.233871	1.625540
0.241935	1.630636
0.250000	1.628725
0.258064	1.628088
0.266129	1.629044
0.274193	1.626814
0.282258	1.629362
0.290322	1.630955
0.298387	1.625858
0.306451	1.630318
0.314516	1.627451
0.322581	1.628406
0.330645	1.630955
0.338710	1.627451
0.346774	1.629362
0.354839	1.629044
0.362903	1.628088
0.370968	1.630636
0.379032	1.627769
0.387097	1.623628
0.395161	1.629362
0.403226	1.627451
0.411290	1.628406
0.419355	1.629044
0.427419	1.627769
0.435484	1.630636
0.443548	1.630318
0.451613	1.628406
0.459677	1.628088
0.467742	1.628088
0.475806	1.629362
0.483871	1.631273
0.491935	1.627769
0.500000	1.629362
0.508064	1.627451
0.516129	1.628088
0.524193	1.633185
0.532258	1.627451
0.540322	1.629044
0.548387	1.629044
0.556451	1.628406
0.564516	1.629999
0.572580	1.626495
0.580645	1.625540
0.588709	1.629681
0.596774	1.628088
0.604838	1.628088
0.612903	1.628406
0.620967	1.627451
0.629032	1.629362
0.637096	1.629999
0.645161	1.629681
0.653226	1.629044
0.661290	1.627451
0.669355	1.629044
0.677419	1.631592
0.685484	1.629681
0.693548	1.628725
0.701613	1.629681
0.709677	1.629044
0.717742	1.629999
0.725806	1.627769
0.733871	1.628406
0.741935	1.629681
0.750000	1.628406
0.758064	1.630636
0.766129	1.628725
0.774193	1.626814
0.782258	1.630955
0.790322	1.629044
0.798387	1.629044
0.806451	1.629999
0.814516	1.626814
0.822580	1.629362
0.830645	1.632547
0.838709	1.627769
0.846774	1.628088
0.854838	1.626814
0.862903	1.629999
0.870967	1.629999
0.879032	1.626495
0.887096	1.627451
0.895161	1.626495
0.903225	1.627451
0.911290	1.629681
0.919354	1.628088
0.927419	1.627769
0.935483	1.627132
0.943548	1.627132
0.951612	1.630318
0.959677	1.626177
0.967742	1.627769
0.975806	1.626814
0.983871	1.628725
0.991935	1.630318
1.000000	1.626495
1.008064	1.628406
1.016129	1.627132
1.024193	1.629681
1.032258	1.629681
1.040322	1.627132
1.048387	1.629044
1.056451	1.626814
1.064516	1.628406
1.072580	1.630955
1.080645	1.626814
1.088709	1.628725
1.096774	1.626495
1.104838	1.627132
1.112903	1.630955
1.120967	1.627451
1.129032	1.627132
1.137096	1.626495
1.145161	1.628725
1.153225	1.631273
1.161290	1.628725
1.169354	1.626495
1.177419	1.627132
1.185483	1.629044
1.193548	1.630318
1.201612	1.626177
1.209677	1.629362
1.217741	1.623628
1.225806	1.627769
1.233870	1.627132
1.241935	1.627769
1.249999	1.628406
1.258064	1.625540
1.266128	1.629044
1.274193	1.627451
1.282257	1.629362
1.290322	1.626814
1.298387	1.625540
1.306451	1.626814
1.314516	1.627769
1.322580	1.629999
1.330645	1.627451
1.338709	1.626814
1.346774	1.628088
1.354838	1.628406
1.362903	1.629999
1.370967	1.627451
1.379032	1.627132
1.387096	1.627769
1.395161	1.628406
1.403225	1.631273
1.411290	1.627769
1.419354	1.625540
1.427419	1.629362
1.435483	1.628406
1.443548	1.628725
1.451612	1.627451
1.459677	1.626814
1.467741	1.629362
1.475806	1.626814
1.483870	1.630318
1.491935	1.628088
1.499999	1.624903
1.508064	1.627769
1.516128	1.628406
1.524193	1.628725
1.532257	1.627769
1.540322	1.625858
1.548386	1.628725
1.556451	1.627451
1.564515	1.628406
1.572580	1.627769
1.580644	1.625540
1.588709	1.629999
1.596773	1.627451
1.604838	1.628406
1.612903	1.627451
1.620967	1.624584
1.629032	1.628406
1.637096	1.626495
1.645161	1.627769
1.653225	1.628406
1.661290	1.625221
1.669354	1.628406
1.677419	1.628725
1.685483	1.626814
1.693548	1.628088
1.701612	1.626177
1.709677	1.629044
1.717741	1.630955
1.725806	1.626495
1.733870	1.628725
1.741935	1.627132
1.749999	1.628725
1.758064	1.629681
1.766128	1.626814
1.774193	1.627132
1.782257	1.627769
1.790322	1.628725
1.798386	1.630636
1.806451	1.627451
1.814515	1.627451
1.822580	1.629044
1.830644	1.627769
1.838709	1.629044
1.846773	1.627132
1.854838	1.624584
1.862902	1.627769
1.870967	1.626495
1.879031	1.628088
1.887096	1.627451
1.895160	1.624903
1.903225	1.629681
1.911289	1.628406
1.919354	1.626814
1.927418	1.627451
1.935483	1.624903
1.943548	1.628088
1.951612	1.629362
1.959677	1.626495
1.967741	1.628406
1.975806	1.626814
1.983870	1.629362
1.991935	1.630636
1.999999	1.628406
2.008064	1.627132
2.016128	1.625858
2.024193	1.628406
2.032257	1.628725
2.040322	1.625858
2.048386	1.628088
2.056451	1.625858
2.064515	1.628725
2.072580	1.628088
2.080644	1.627132
2.088709	1.626814
2.096773	1.624903
2.104838	1.629999
2.112902	1.629044
2.120967	1.628088
2.129031	1.628725
2.137096	1.626495
2.145160	1.629044
2.153225	1.627451
2.161289	1.627769
2.169354	1.627451
2.177418	1.625221
2.185483	1.629681
2.193547	1.628725
2.201612	1.627769
2.209676	1.628725
2.217741	1.626814
2.225805	1.628406
2.233870	1.629044
2.241934	1.626495
2.249999	1.629044
2.258064	1.625540
2.266128	1.629681
2.274193	1.629362
2.282257	1.628406
2.290322	1.629999
2.298386	1.625858
2.306451	1.629362
2.314515	1.629044
2.322580	1.628406
2.330644	1.629681
2.338709	1.625540
2.346773	1.629044
2.354838	1.628406
2.362902	1.630636
2.370967	1.629044
2.379031	1.627451
2.387096	1.629999
2.395160	1.628088
2.403225	1.629044
2.411289	1.625858
2.419354	1.625221
2.427418	1.628088
2.435483	1.627769
2.443547	1.629362
2.451612	1.628725
2.459676	1.625221
2.467741	1.628406
2.475805	1.627132
2.483870	1.631910
2.491934	1.627451
2.499999	1.625221
2.508063	1.628088
2.516128	1.627132
2.524192	1.629362
2.532257	1.626814
2.540321	1.626495
2.548386	1.629999
2.556450	1.626814
2.564515	1.629044
2.572579	1.629681
2.580644	1.626495
2.588709	1.629999
2.596773	1.629681
2.604838	1.631592
2.612902	1.630636
2.620967	1.625858
2.629031	1.630955
2.637096	1.628088
2.645160	1.629999
2.653225	1.628088
2.661289	1.627769
2.669354	1.629681
2.677418	1.629999
2.685483	1.633185
2.693547	1.629044
2.701612	1.627769
2.709676	1.629044
2.717741	1.628406
2.725805	1.631273
2.733870	1.627132
2.741934	1.625540
2.749999	1.629044
2.758063	1.628406
2.766128	1.629362
2.774192	1.628406
2.782257	1.628088
2.790321	1.630636
2.798386	1.627769
2.806450	1.631273
2.814515	1.627769
2.822579	1.628088
2.830644	1.628088
2.838708	1.628725
2.846773	1.631273
2.854837	1.628088
2.862902	1.629681
2.870966	1.626177
2.879031	1.629362
2.887095	1.628406
2.895160	1.629999
2.903225	1.628406
2.911289	1.625858
2.919354	1.628406
2.927418	1.629044
2.935483	1.630636
2.943547	1.628406
2.951612	1.628088
2.959676	1.628406
2.967741	1.628406
2.975805	1.631910
2.983870	1.628088
2.991934	1.629999
2.999999	1.629044
3.008063	1.629044
3.016128	1.632866
3.024192	1.628088
3.032257	1.629681
3.040321	1.628725
3.048386	1.628725
3.056450	1.631592
3.064515	1.629681
3.072579	1.629999
3.080644	1.628406
3.088708	1.628406
3.096773	1.631592
3.104837	1.628088
3.112902	1.628088
3.120966	1.625540
3.129031	1.629681
3.137095	1.628406
3.145160	1.629044
3.153224	1.629362
3.161289	1.627769
3.169353	1.629999
3.177418	1.628725
3.185482	1.629681
3.193547	1.627451
3.201611	1.626495
3.209676	1.629999
3.217740	1.628088
3.225805	1.630955
3.233870	1.628725
3.241934	1.629362
3.249999	1.628406
3.258063	1.629362
3.266128	1.630955
3.274192	1.628088
3.282257	1.628406
3.290321	1.626814
3.298386	1.628725
3.306450	1.629681
3.314515	1.628406
3.322579	1.628088
3.330644	1.626177
3.338708	1.628406
3.346773	1.631273
3.354837	1.630318
3.362902	1.629681
3.370966	1.626177
3.379031	1.627769
3.387095	1.630318
3.395160	1.627451
3.403224	1.629362
3.411289	1.626814
3.419353	1.630636
3.427418	1.629999
3.435482	1.629044
3.443547	1.629044
3.451611	1.628725
3.459676	1.629999
3.467740	1.629044
3.475805	1.627132
3.483869	1.628406
3.491934	1.627451
3.499998	1.630636
3.508063	1.629044
3.516127	1.629362
3.524192	1.627132
3.532256	1.626495
3.540321	1.631273
3.548386	1.628088
3.556450	1.630636
3.564515	1.627769
3.572579	1.629044
3.580644	1.628088
3.588708	1.629681
3.596773	1.631592
3.604837	1.627769
3.612902	1.629999
3.620966	1.628725
3.629031	1.631592
3.637095	1.630636
3.645160	1.629362
3.653224	1.629999
3.661289	1.623947
3.669353	1.629044
3.677418	1.629044
3.685482	1.629681
3.693547	1.629999
3.701611	1.626814
3.709676	1.631273
3.717740	1.629044
3.725805	1.629681
3.733869	1.629044
3.741934	1.627769
3.749998	1.631592
3.758063	1.629681
3.766127	1.629999
3.774192	1.628406
3.782256	1.629044
3.790321	1.629044
3.798385	1.628406
3.806450	1.632229
3.814514	1.629044
3.822579	1.629044
3.830643	1.629681
3.838708	1.630318
3.846772	1.633185
3.854837	1.628088
3.862901	1.629999
3.870966	1.628725
3.879031	1.630318
3.887095	1.631592
3.895160	1.629681
3.903224	1.629999
3.911289	1.629681
3.919353	1.629681
3.927418	1.632547
3.935482	1.627769
3.943547	1.629681
3.951611	1.629362
3.959676	1.629362
3.967740	1.630955
3.975805	1.629362
3.983869	1.629999
3.991934	1.626495
3.999998	1.629044
4.008063	1.631592
4.016127	1.628406
4.024192	1.629044
4.032256	1.627451
4.040321	1.629681
4.048385	1.629999
4.056450	1.630636
4.064514	1.627451
4.072579	1.627769
4.080643	1.629999
4.088708	1.628088
4.096772	1.631592
4.104837	1.629999
4.112901	1.628725
4.120966	1.629044
4.129030	1.629362
4.137095	1.633822
4.145159	1.629681
4.153224	1.629999
4.161288	1.628088
4.169353	1.629681
4.177417	1.629999
4.185482	1.629999
4.193547	1.629681
4.201611	1.627451
4.209676	1.629999
4.217740	1.630318
4.225805	1.630318
4.233869	1.629362
4.241934	1.627132
4.249998	1.628406
4.258063	1.629681
4.266127	1.632866
4.274192	1.628725
4.282256	1.629362
4.290321	1.627132
4.298385	1.629999
4.306450	1.630955
4.314514	1.628406
4.322579	1.629681
4.330643	1.626814
4.338708	1.629044
4.346772	1.629044
4.354837	1.631592
4.362901	1.628406
4.370966	1.630318
4.379030	1.628406
4.387095	1.629362
4.395159	1.633503
4.403224	1.627132
4.411288	1.629362
4.419353	1.630636
4.427417	1.629999
4.435482	1.633503
4.443546	1.629044
4.451611	1.631273
4.459675	1.627769
4.467740	1.629999
4.475804	1.628088
4.483869	1.629044
4.491933	1.628406
4.499998	1.627451
4.508062	1.630636
4.516127	1.631273
4.524192	1.630636
4.532256	1.630955
4.540321	1.627451
4.548385	1.629362
4.556450	1.628088
4.564514	1.630636
4.572579	1.628088
4.580643	1.629044
4.588708	1.629362
4.596772	1.631273
4.604837	1.631592
4.612901	1.629044
4.620966	1.630955
4.629030	1.627451
4.637095	1.631273
4.645159	1.630955
4.653224	1.631592
4.661288	1.629362
4.669353	1.628406
4.677417	1.631273
4.685482	1.630636
4.693546	1.633185
4.701611	1.627769
4.709675	1.629362
4.717740	1.629044
4.725804	1.630318
4.733869	1.636370
4.741933	1.629362
4.749998	1.631273
4.758062	1.628725
4.766127	1.630955
4.774191	1.631273
4.782256	1.630318
4.790320	1.630318
4.798385	1.627769
4.806449	1.631592
4.814514	1.628725
4.822578	1.634140
4.830643	1.629044
4.838708	1.628725
4.846772	1.630955
4.854837	1.630955
4.862901	1.632866
4.870966	1.630636
4.879030	1.631910
4.887095	1.628406
4.895159	1.630636
4.903224	1.631273
4.911288	1.632866
4.919353	1.630955
4.927417	1.627451
4.935482	1.631273
4.943546	1.629362
4.951611	1.632866
4.959675	1.630636
4.967740	1.631273
4.975804	1.629681
4.983869	1.630636
4.991933	1.632547

