LabVIEW Measurement	
Writer_Version	2
Reader_Version	2
Separator	Tab
Decimal_Separator	.
Multi_Headings	Yes
X_Columns	One
Time_Pref	Absolute
Operator	labuser
Date	2023/05/16
Time	11:14:37.7741568624996027988
***End_of_Header***	
	
Channels	1	
Samples	620	
Date	2023/05/16	
Time	11:14:37.7741568624996027988	
Y_Unit_Label	Volts	
X_Dimension	Time	
X0	0.0000000000000000E+0	
Delta_X	0.008065	
***End_of_Header***		
X_Value	Voltage	Comment
0.000000	1.593367
0.008065	1.446203
0.016129	1.571388
0.024194	1.632866
0.032258	1.485064
0.040323	1.585722
0.048387	1.536030
0.056452	1.453848
0.064516	1.458626
0.072581	1.521059
0.080645	1.372302
0.088710	1.299357
0.096774	1.578715
0.104839	1.614072
0.112903	1.453529
0.120968	1.294579
0.129032	1.576166
0.137097	1.621717
0.145161	1.512777
0.153226	1.468819
0.161290	1.392688
0.169355	1.485701
0.177419	1.492072
0.185484	1.294579
0.193548	1.546224
0.201613	1.485383
0.209677	1.593686
0.217742	1.446203
0.225806	1.590819
0.233871	1.570751
0.241935	1.292349
0.250000	1.400333
0.258064	1.419127
0.266129	1.560558
0.274193	1.507043
0.282258	1.622036
0.290322	1.535712
0.298387	1.407023
0.306451	1.464996
0.314516	1.456714
0.322581	1.383132
0.330645	1.471049
0.338710	1.323884
0.346774	1.512777
0.354839	1.328025
0.362903	1.399059
0.370968	1.442062
0.379032	1.297764
0.387097	1.329299
0.395161	1.452255
0.403226	1.494939
0.411290	1.547816
0.419355	1.616621
0.427419	1.609613
0.435484	1.454803
0.443548	1.381858
0.451613	1.558010
0.459677	1.569158
0.467742	1.382177
0.475806	1.395874
0.483871	1.464996
0.491935	1.531571
0.500000	1.557691
0.508064	1.290756
0.516129	1.352553
0.524193	1.532845
0.532258	1.475827
0.540322	1.588589
0.548387	1.479968
0.556451	1.484109
0.564516	1.527748
0.572580	1.469775
0.580645	1.453529
0.588709	1.284067
0.596774	1.373895
0.604838	1.426135
0.612903	1.476145
0.620967	1.489842
0.629032	1.545268
0.637096	1.577122
0.645161	1.379310
0.653226	1.562788
0.661290	1.486339
0.669355	1.516281
0.677419	1.428365
0.685484	1.431231
0.693548	1.381858
0.701613	1.536668
0.709677	1.458626
0.717742	1.558010
0.725806	1.639237
0.733871	1.446521
0.741935	1.592093
0.750000	1.544631
0.758064	1.642104
0.766129	1.456396
0.774193	1.576803
0.782258	1.533164
0.790322	1.439832
0.798387	1.509910
0.806451	1.534438
0.814516	1.516918
0.822580	1.611842
0.830645	1.418171
0.838709	1.573299
0.846774	1.570433
0.854838	1.566292
0.862903	1.303816
0.870967	1.487613
0.879032	1.528704
0.887096	1.555780
0.895161	1.484109
0.903225	1.540490
0.911290	1.550046
0.919354	1.546224
0.927419	1.511503
0.935483	1.572344
0.943548	1.590500
0.951612	1.471367
0.959677	1.379310
0.967742	1.454485
0.975806	1.563106
0.983871	1.623310
0.991935	1.551957
1.000000	1.509592
1.008064	1.579033
1.016129	1.482835
1.024193	1.529660
1.032258	1.421038
1.040322	1.287889
1.048387	1.502584
1.056451	1.432506
1.064516	1.485701
1.072580	1.390459
1.080645	1.558010
1.088709	1.533164
1.096774	1.552913
1.104838	1.568840
1.112903	1.514370
1.120967	1.273237
1.129032	1.514688
1.137096	1.578715
1.145161	1.552276
1.153225	1.244568
1.161290	1.441743
1.169354	1.505451
1.177419	1.553231
1.185483	1.554506
1.193548	1.534119
1.201612	1.584130
1.209677	1.490480
1.217741	1.451936
1.225806	1.474234
1.233870	1.292349
1.241935	1.467226
1.249999	1.496532
1.258064	1.588589
1.266128	1.614072
1.274193	1.506406
1.282257	1.542401
1.290322	1.314328
1.298387	1.470412
1.306451	1.570751
1.314516	1.606427
1.322580	1.359879
1.330645	1.578077
1.338709	1.578396
1.346774	1.350641
1.354838	1.540171
1.362903	1.494939
1.370967	1.598145
1.379032	1.518192
1.387096	1.481560
1.395161	1.498443
1.403225	1.488250
1.411290	1.344271
1.419354	1.459581
1.427419	1.547816
1.435483	1.558328
1.443548	1.388547
1.451612	1.494302
1.459677	1.519148
1.467741	1.408934
1.475806	1.454166
1.483870	1.360835
1.491935	1.424224
1.499999	1.491117
1.508064	1.331529
1.516128	1.533482
1.524193	1.386318
1.532257	1.452573
1.540322	1.436647
1.548386	1.619487
1.556451	1.596234
1.564515	1.513096
1.572580	1.475508
1.580644	1.507043
1.588709	1.372302
1.596773	1.453211
1.604838	1.505769
1.612903	1.605153
1.620967	1.497806
1.629032	1.530934
1.637096	1.337900
1.645161	1.553869
1.653225	1.488887
1.661290	1.561513
1.669354	1.543994
1.677419	1.476782
1.685483	1.530297
1.693548	1.546224
1.701612	1.354145
1.709677	1.386636
1.717741	1.405430
1.725806	1.434735
1.733870	1.549090
1.741935	1.451936
1.749999	1.551320
1.758064	1.244887
1.766128	1.450344
1.774193	1.459581
1.782257	1.505132
1.790322	1.491435
1.798386	1.527748
1.806451	1.530934
1.814515	1.396511
1.822580	1.571070
1.830644	1.545587
1.838709	1.537305
1.846773	1.379628
1.854838	1.491754
1.862902	1.428365
1.870967	1.577440
1.879031	1.444929
1.887096	1.475508
1.895160	1.467863
1.903225	1.416579
1.911289	1.273555
1.919354	1.450981
1.927418	1.567566
1.935483	1.473916
1.943548	1.452573
1.951612	1.508318
1.959677	1.470093
1.967741	1.321654
1.975806	1.354782
1.983870	1.466908
1.991935	1.465634
1.999999	1.509273
2.008064	1.533164
2.016128	1.598145
2.024193	1.579033
2.032257	1.539534
2.040322	1.505451
2.048386	1.525519
2.056451	1.387273
2.064515	1.506406
2.072580	1.486657
2.080644	1.335989
2.088709	1.348730
2.096773	1.553550
2.104838	1.441106
2.112902	1.497487
2.120967	1.522652
2.129031	1.517237
2.137096	1.493665
2.145160	1.535712
2.153225	1.525837
2.161289	1.335989
2.169354	1.555143
2.177418	1.477101
2.185483	1.561195
2.193547	1.398741
2.201612	1.438876
2.209676	1.407023
2.217741	1.566292
2.225805	1.539534
2.233870	1.588908
2.241934	1.456714
2.249999	1.563743
2.258064	1.588271
2.266128	1.617258
2.274193	1.544312
2.282257	1.431231
2.290322	1.591775
2.298386	1.362427
2.306451	1.575529
2.314515	1.456714
2.322580	1.359560
2.330644	1.314328
2.338709	1.391414
2.346773	1.531889
2.354838	1.648793
2.362902	1.465315
2.370967	1.348412
2.379031	1.530934
2.387096	1.341404
2.395160	1.525519
2.403225	1.583174
2.411289	1.561832
2.419354	1.552913
2.427418	1.444929
2.435483	1.503221
2.443547	1.436010
2.451612	1.570114
2.459676	1.343633
2.467741	1.489842
2.475805	1.314009
2.483870	1.353827
2.491934	1.457352
2.499999	1.478375
2.508063	1.557372
2.516128	1.549728
2.524192	1.524245
2.532257	1.547816
2.540321	1.477101
2.548386	1.423587
2.556450	1.433780
2.564515	1.332485
2.572579	1.520104
2.580644	1.549728
2.588709	1.522333
2.596773	1.592730
2.604838	1.546861
2.612902	1.498761
2.620967	1.615346
2.629031	1.477738
2.637096	1.463722
2.645160	1.540171
2.653225	1.431869
2.661289	1.585404
2.669354	1.483472
2.677418	1.558010
2.685483	1.596234
2.693547	1.496213
2.701612	1.611842
2.709676	1.533482
2.717741	1.361790
2.725805	1.512140
2.733870	1.421038
2.741934	1.388866
2.749999	1.543675
2.758063	1.361153
2.766128	1.467226
2.774192	1.336307
2.782257	1.530934
2.790321	1.527111
2.798386	1.344589
2.806450	1.390140
2.814515	1.442699
2.822579	1.471686
2.830644	1.357012
2.838708	1.565973
2.846773	1.385999
2.854837	1.431869
2.862902	1.376124
2.870966	1.535075
2.879031	1.642422
2.887095	1.536986
2.895160	1.377717
2.903225	1.399696
2.911289	1.313372
2.919354	1.412438
2.927418	1.233101
2.935483	1.600375
2.943547	1.607064
2.951612	1.597827
2.959676	1.377717
2.967741	1.559921
2.975805	1.301268
2.983870	1.508955
2.991934	1.429320
2.999999	1.521378
3.008063	1.353508
3.016128	1.436010
3.024192	1.404474
3.032257	1.347456
3.040321	1.392688
3.048386	1.591456
3.056450	1.457352
3.064515	1.352871
3.072579	1.603560
3.080644	1.429002
3.088708	1.393325
3.096773	1.403837
3.104837	1.358923
3.112902	1.562151
3.120966	1.521378
3.129031	1.506725
3.137095	1.439832
3.145160	1.288845
3.153224	1.328662
3.161289	1.414349
3.169353	1.390777
3.177418	1.360516
3.185482	1.504177
3.193547	1.579989
3.201611	1.382495
3.209676	1.340130
3.217740	1.595916
3.225805	1.524882
3.233870	1.282156
3.241934	1.522015
3.249999	1.340448
3.258063	1.577440
3.266128	1.513414
3.274192	1.560558
3.282257	1.550365
3.290321	1.423268
3.298386	1.536349
3.306450	1.596553
3.314515	1.478375
3.322579	1.466271
3.330644	1.340130
3.338708	1.548453
3.346773	1.352871
3.354837	1.602286
3.362902	1.399059
3.370966	1.353190
3.379031	1.386318
3.387095	1.524245
3.395160	1.434417
3.403224	1.510229
3.411289	1.515963
3.419353	1.533164
3.427418	1.589226
3.435482	1.464678
3.443547	1.392051
3.451611	1.514051
3.459676	1.304135
3.467740	1.585085
3.475805	1.594004
3.483869	1.513733
3.491934	1.384088
3.499998	1.386318
3.508063	1.534756
3.516127	1.533482
3.524192	1.345545
3.532256	1.544631
3.540321	1.550046
3.548386	1.424224
3.556450	1.569477
3.564515	1.552276
3.572579	1.390459
3.580644	1.486657
3.588708	1.595916
3.596773	1.312417
3.604837	1.503221
3.612902	1.292667
3.620966	1.248709
3.629031	1.440150
3.637095	1.559602
3.645160	1.457989
3.653224	1.525837
3.661289	1.514370
3.669353	1.450662
3.677418	1.425179
3.685482	1.516281
3.693547	1.527111
3.701611	1.554824
3.709676	1.236605
3.717740	1.481242
3.725805	1.460218
3.733869	1.559921
3.741934	1.603242
3.749998	1.596234
3.758063	1.445247
3.766127	1.383769
3.774192	1.301586
3.782256	1.449388
3.790321	1.656438
3.798385	1.564062
3.806450	1.337263
3.814514	1.525519
3.822579	1.537305
3.830643	1.390459
3.838708	1.519785
3.846772	1.570751
3.854837	1.523289
3.862901	1.527748
3.870966	1.408934
3.879031	1.391096
3.887095	1.473916
3.895160	1.549728
3.903224	1.547498
3.911289	1.420401
3.919353	1.614072
3.927418	1.437921
3.935482	1.404793
3.943547	1.569795
3.951611	1.542720
3.959676	1.605790
3.967740	1.441743
3.975805	1.551002
3.983869	1.408934
3.991934	1.502584
3.999998	1.363064
4.008063	1.518511
4.016127	1.456714
4.024192	1.449707
4.032256	1.544631
4.040321	1.517237
4.048385	1.446840
4.056450	1.488250
4.064514	1.432506
4.072579	1.511822
4.080643	1.522970
4.088708	1.505769
4.096772	1.197106
4.104837	1.323247
4.112901	1.523289
4.120966	1.206344
4.129030	1.395555
4.137095	1.398422
4.145159	1.433780
4.153224	1.464041
4.161288	1.433780
4.169353	1.451936
4.177417	1.437284
4.185482	1.472004
4.193547	1.304135
4.201611	1.529341
4.209676	1.558965
4.217740	1.592730
4.225805	1.528386
4.233869	1.451618
4.241934	1.495895
4.249998	1.425179
4.258063	1.507681
4.266127	1.551639
4.274192	1.443336
4.282256	1.462130
4.290321	1.380902
4.298385	1.430594
4.306450	1.517555
4.314514	1.537623
4.322579	1.519466
4.330643	1.543675
4.338708	1.612798
4.346772	1.483472
4.354837	1.513414
4.362901	1.560876
4.370966	1.572981
4.379030	1.428683
4.387095	1.373895
4.395159	1.403200
4.403224	1.332485
4.411288	1.459263
4.419353	1.514688
4.427417	1.369117
4.435482	1.469137
4.443546	1.478694
4.451611	1.538579
4.459675	1.563425
4.467740	1.434098
4.475804	1.469775
4.483869	1.298083
4.491933	1.441106
4.499998	1.450025
4.508062	1.467226
4.516127	1.402244
4.524192	1.492709
4.532256	1.490480
4.540321	1.494302
4.548385	1.479968
4.556450	1.522970
4.564514	1.293623
4.572579	1.541764
4.580643	1.317513
4.588708	1.413393
4.596772	1.277059
4.604837	1.550365
4.612901	1.588271
4.620966	1.563425
4.629030	1.622036
4.637095	1.423905
4.645159	1.622673
4.653224	1.574892
4.661288	1.635414
4.669353	1.480286
4.677417	1.524563
4.685482	1.460537
4.693546	1.505451
4.701611	1.443654
4.709675	1.533482
4.717740	1.422631
4.725804	1.553231
4.733869	1.422949
4.741933	1.382495
4.749998	1.365613
4.758062	1.497806
4.766127	1.494939
4.774191	1.436965
4.782256	1.565654
4.790320	1.556417
4.798385	1.420083
4.806449	1.366568
4.814514	1.558328
4.822578	1.537942
4.830643	1.481242
4.838708	1.454166
4.846772	1.558328
4.854837	1.482198
4.862901	1.498761
4.870966	1.290438
4.879030	1.439832
4.887095	1.563743
4.895159	1.562469
4.903224	1.387273
4.911288	1.589226
4.919353	1.452255
4.927417	1.390140
4.935482	1.620762
4.943546	1.492072
4.951611	1.432506
4.959675	1.441743
4.967740	1.618532
4.975804	1.493346
4.983869	1.544949
4.991933	1.507681

