LabVIEW Measurement	
Writer_Version	2
Reader_Version	2
Separator	Tab
Decimal_Separator	.
Multi_Headings	Yes
X_Columns	One
Time_Pref	Absolute
Operator	labuser
Date	2023/05/16
Time	11:10:07.3857268624998039255
***End_of_Header***	
	
Channels	1	
Samples	620	
Date	2023/05/16	
Time	11:10:07.3857268624998039255	
Y_Unit_Label	Volts	
X_Dimension	Time	
X0	0.0000000000000000E+0	
Delta_X	0.008065	
***End_of_Header***		
X_Value	Voltage	Comment
0.000000	1.631273
0.008065	1.637644
0.016129	1.648156
0.024194	1.612161
0.032258	1.657712
0.040323	1.613117
0.048387	1.637963
0.056452	1.657393
0.064516	1.609294
0.072581	1.656756
0.080645	1.621399
0.088710	1.628406
0.096774	1.638600
0.104839	1.605153
0.112903	1.654845
0.120968	1.602605
0.129032	1.655482
0.137097	1.610568
0.145161	1.666950
0.153226	1.624903
0.161290	1.644652
0.169355	1.646563
0.177419	1.608657
0.185484	1.677461
0.193548	1.593367
0.201613	1.662809
0.209677	1.615983
0.217742	1.635096
0.225806	1.653252
0.233871	1.612480
0.241935	1.647519
0.250000	1.625221
0.258064	1.656438
0.266129	1.607064
0.274193	1.667587
0.282258	1.624265
0.290322	1.630955
0.298387	1.639874
0.306451	1.630955
0.314516	1.634140
0.322581	1.644970
0.330645	1.667268
0.338710	1.642422
0.346774	1.615028
0.354839	1.636370
0.362903	1.651978
0.370968	1.619806
0.379032	1.643696
0.387097	1.647519
0.395161	1.631273
0.403226	1.634777
0.411290	1.625540
0.419355	1.633503
0.427419	1.644015
0.435484	1.594004
0.443548	1.634140
0.451613	1.622991
0.459677	1.650386
0.467742	1.611524
0.475806	1.612798
0.483871	1.629044
0.491935	1.648474
0.500000	1.635414
0.508064	1.623628
0.516129	1.654208
0.524193	1.646563
0.532258	1.638281
0.540322	1.643059
0.548387	1.649430
0.556451	1.615665
0.564516	1.643696
0.572580	1.635096
0.580645	1.590819
0.588709	1.641467
0.596774	1.635096
0.604838	1.641467
0.612903	1.629044
0.620967	1.590500
0.629032	1.645926
0.637096	1.611524
0.645161	1.648474
0.653226	1.608657
0.661290	1.634140
0.669355	1.631592
0.677419	1.632866
0.685484	1.617895
0.693548	1.660579
0.701613	1.609931
0.709677	1.662171
0.717742	1.610568
0.725806	1.658668
0.733871	1.600375
0.741935	1.645289
0.750000	1.630318
0.758064	1.652297
0.766129	1.608339
0.774193	1.668542
0.782258	1.620124
0.790322	1.644333
0.798387	1.641785
0.806451	1.634459
0.814516	1.649430
0.822580	1.636370
0.830645	1.642104
0.838709	1.631273
0.846774	1.643378
0.854838	1.624903
0.862903	1.633185
0.870967	1.633503
0.879032	1.632547
0.887096	1.636370
0.895161	1.625540
0.903225	1.647837
0.911290	1.600694
0.919354	1.653571
0.927419	1.600057
0.935483	1.661216
0.943548	1.619806
0.951612	1.642741
0.959677	1.616302
0.967742	1.637007
0.975806	1.621717
0.983871	1.659305
0.991935	1.616302
1.000000	1.661534
1.008064	1.609931
1.016129	1.656438
1.024193	1.605153
1.032258	1.652297
1.040322	1.640829
1.048387	1.604198
1.056451	1.653889
1.064516	1.629044
1.072580	1.637644
1.080645	1.657393
1.088709	1.646563
1.096774	1.609294
1.104838	1.659942
1.112903	1.623947
1.120967	1.644970
1.129032	1.653571
1.137096	1.615665
1.145161	1.640829
1.153225	1.619806
1.161290	1.646882
1.169354	1.651341
1.177419	1.627769
1.185483	1.668542
1.193548	1.610887
1.201612	1.677780
1.209677	1.611842
1.217741	1.665357
1.225806	1.614709
1.233870	1.629044
1.241935	1.648793
1.249999	1.615983
1.258064	1.651023
1.266128	1.595916
1.274193	1.672046
1.282257	1.608020
1.290322	1.651660
1.298387	1.619169
1.306451	1.591138
1.314516	1.613117
1.322580	1.622354
1.330645	1.640829
1.338709	1.635414
1.346774	1.638281
1.354838	1.627451
1.362903	1.647519
1.370967	1.637963
1.379032	1.651023
1.387096	1.635096
1.395161	1.610568
1.403225	1.641148
1.411290	1.637326
1.419354	1.632547
1.427419	1.629999
1.435483	1.641467
1.443548	1.652934
1.451612	1.629362
1.459677	1.654208
1.467741	1.615346
1.475806	1.634140
1.483870	1.638600
1.491935	1.643378
1.499999	1.619169
1.508064	1.661216
1.516128	1.631273
1.524193	1.656119
1.532257	1.617895
1.540322	1.641467
1.548386	1.620443
1.556451	1.628406
1.564515	1.637963
1.572580	1.619169
1.580644	1.655801
1.588709	1.604516
1.596773	1.650386
1.604838	1.625221
1.612903	1.644333
1.620967	1.620443
1.629032	1.651660
1.637096	1.607701
1.645161	1.672046
1.653225	1.613754
1.661290	1.640192
1.669354	1.613117
1.677419	1.650704
1.685483	1.631592
1.693548	1.621080
1.701612	1.588908
1.709677	1.633822
1.717741	1.644015
1.725806	1.658030
1.733870	1.598464
1.741935	1.669816
1.749999	1.642741
1.758064	1.635414
1.766128	1.590500
1.774193	1.661534
1.782257	1.597827
1.790322	1.664720
1.798386	1.612161
1.806451	1.647837
1.814515	1.612480
1.822580	1.704218
1.830644	1.605153
1.838709	1.652615
1.846773	1.612798
1.854838	1.663764
1.862902	1.615028
1.870967	1.675232
1.879031	1.590819
1.887096	1.674913
1.895160	1.590182
1.903225	1.665675
1.911289	1.610887
1.919354	1.656119
1.927418	1.655482
1.935483	1.609294
1.943548	1.629681
1.951612	1.648156
1.959677	1.611842
1.967741	1.666950
1.975806	1.601968
1.983870	1.657712
1.991935	1.617576
1.999999	1.628725
2.008064	1.662809
2.016128	1.658986
2.024193	1.633822
2.032257	1.644015
2.040322	1.631592
2.048386	1.637326
2.056451	1.620762
2.064515	1.656756
2.072580	1.626177
2.080644	1.630318
2.088709	1.632866
2.096773	1.635096
2.104838	1.621399
2.112902	1.640511
2.120967	1.625540
2.129031	1.611842
2.137096	1.650067
2.145160	1.606427
2.153225	1.660579
2.161289	1.615665
2.169354	1.669179
2.177418	1.627132
2.185483	1.654845
2.193547	1.621717
2.201612	1.647200
2.209676	1.601649
2.217741	1.664083
2.225805	1.640511
2.233870	1.608657
2.241934	1.645608
2.249999	1.615346
2.258064	1.663127
2.266128	1.611524
2.274193	1.657075
2.282257	1.627769
2.290322	1.643378
2.298386	1.649430
2.306451	1.574892
2.314515	1.651978
2.322580	1.599738
2.330644	1.675550
2.338709	1.611205
2.346773	1.674913
2.354838	1.607701
2.362902	1.665038
2.370967	1.604516
2.379031	1.666312
2.387096	1.615665
2.395160	1.678735
2.403225	1.594323
2.411289	1.690840
2.419354	1.587315
2.427418	1.671409
2.435483	1.600375
2.443547	1.642741
2.451612	1.636688
2.459676	1.626177
2.467741	1.670135
2.475805	1.618213
2.483870	1.653571
2.491934	1.591138
2.499999	1.647519
2.508063	1.620762
2.516128	1.626177
2.524192	1.657075
2.532257	1.609613
2.540321	1.670772
2.548386	1.623947
2.556450	1.642104
2.564515	1.609931
2.572579	1.666631
2.580644	1.611524
2.588709	1.645926
2.596773	1.601331
2.604838	1.629999
2.612902	1.642741
2.620967	1.629681
2.629031	1.630318
2.637096	1.669179
2.645160	1.599419
2.653225	1.668542
2.661289	1.615028
2.669354	1.643378
2.677418	1.635414
2.685483	1.611524
2.693547	1.652934
2.701612	1.621080
2.709676	1.651023
2.717741	1.613435
2.725805	1.633185
2.733870	1.650067
2.741934	1.626495
2.749999	1.660260
2.758063	1.607064
2.766128	1.676506
2.774192	1.613117
2.782257	1.623310
2.790321	1.652934
2.798386	1.641148
2.806450	1.643696
2.814515	1.648156
2.822579	1.613754
2.830644	1.665038
2.838708	1.625540
2.846773	1.655801
2.854837	1.614709
2.862902	1.627132
2.870966	1.672046
2.879031	1.581581
2.887095	1.674594
2.895160	1.613117
2.903225	1.662171
2.911289	1.615983
2.919354	1.650704
2.927418	1.620124
2.935483	1.616939
2.943547	1.652297
2.951612	1.637963
2.959676	1.626177
2.967741	1.637326
2.975805	1.641148
2.983870	1.605153
2.991934	1.644970
2.999999	1.666312
3.008063	1.605472
3.016128	1.663446
3.024192	1.618532
3.032257	1.633822
3.040321	1.657712
3.048386	1.631273
3.056450	1.617895
3.064515	1.653252
3.072579	1.634140
3.080644	1.632866
3.088708	1.648474
3.096773	1.635733
3.104837	1.647200
3.112902	1.633503
3.120966	1.661853
3.129031	1.620124
3.137095	1.622991
3.145160	1.651978
3.153224	1.638281
3.161289	1.600057
3.169353	1.663446
3.177418	1.613754
3.185482	1.671091
3.193547	1.608976
3.201611	1.652934
3.209676	1.611205
3.217740	1.655801
3.225805	1.621399
3.233870	1.623628
3.241934	1.625858
3.249999	1.631592
3.258063	1.651023
3.266128	1.605153
3.274192	1.658986
3.282257	1.590500
3.290321	1.656756
3.298386	1.588908
3.306450	1.673957
3.314515	1.608339
3.322579	1.652934
3.330644	1.628406
3.338708	1.616939
3.346773	1.662171
3.354837	1.590500
3.362902	1.667587
3.370966	1.548453
3.379031	1.658986
3.387095	1.587634
3.395160	1.688929
3.403224	1.613435
3.411289	1.632229
3.419353	1.613435
3.427418	1.644015
3.435482	1.614709
3.443547	1.652615
3.451611	1.635414
3.459676	1.608339
3.467740	1.643059
3.475805	1.591456
3.483869	1.640192
3.491934	1.637644
3.499998	1.651978
3.508063	1.634140
3.516127	1.612480
3.524192	1.646245
3.532256	1.626495
3.540321	1.634459
3.548386	1.635096
3.556450	1.597190
3.564515	1.614072
3.572579	1.609931
3.580644	1.613117
3.588708	1.657712
3.596773	1.615028
3.604837	1.649749
3.612902	1.621399
3.620966	1.629681
3.629031	1.679691
3.637095	1.607701
3.645160	1.634459
3.653224	1.630636
3.661289	1.659942
3.669353	1.624903
3.677418	1.615665
3.685482	1.648793
3.693547	1.608976
3.701611	1.655482
3.709676	1.595916
3.717740	1.656438
3.725805	1.634777
3.733869	1.576803
3.741934	1.660897
3.749998	1.602286
3.758063	1.685425
3.766127	1.614709
3.774192	1.650067
3.782256	1.625221
3.790321	1.620443
3.798385	1.642104
3.806450	1.622036
3.814514	1.654527
3.822579	1.647837
3.830643	1.612798
3.838708	1.630636
3.846772	1.642422
3.854837	1.645926
3.862901	1.640511
3.870966	1.613754
3.879031	1.660579
3.887095	1.627769
3.895160	1.661216
3.903224	1.618213
3.911289	1.676506
3.919353	1.627132
3.927418	1.658030
3.935482	1.626177
3.943547	1.649111
3.951611	1.629362
3.959676	1.622991
3.967740	1.638918
3.975805	1.609613
3.983869	1.640511
3.991934	1.631910
3.999998	1.636688
4.008063	1.632866
4.016127	1.642422
4.024192	1.614709
4.032256	1.672365
4.040321	1.613435
4.048385	1.655482
4.056450	1.606427
4.064514	1.660897
4.072579	1.629999
4.080643	1.611842
4.088708	1.666950
4.096772	1.619806
4.104837	1.648793
4.112901	1.615665
4.120966	1.645926
4.129030	1.590500
4.137095	1.666312
4.145159	1.610250
4.153224	1.668542
4.161288	1.598145
4.169353	1.667587
4.177417	1.611842
4.185482	1.661534
4.193547	1.605153
4.201611	1.620762
4.209676	1.649111
4.217740	1.601012
4.225805	1.658986
4.233869	1.632866
4.241934	1.638918
4.249998	1.647519
4.258063	1.618213
4.266127	1.603560
4.274192	1.625221
4.282256	1.655164
4.290321	1.619169
4.298385	1.659305
4.306450	1.614391
4.314514	1.655482
4.322579	1.639237
4.330643	1.649430
4.338708	1.628725
4.346772	1.655482
4.354837	1.587315
4.362901	1.669498
4.370966	1.597827
4.379030	1.659623
4.387095	1.611524
4.395159	1.657393
4.403224	1.624265
4.411288	1.632547
4.419353	1.642104
4.427417	1.648156
4.435482	1.619169
4.443546	1.649111
4.451611	1.635414
4.459675	1.631592
4.467740	1.648156
4.475804	1.617258
4.483869	1.662171
4.491933	1.622991
4.499998	1.639555
4.508062	1.659305
4.516127	1.636688
4.524192	1.618850
4.532256	1.627132
4.540321	1.652297
4.548385	1.643696
4.556450	1.648474
4.564514	1.637007
4.572579	1.629681
4.580643	1.617895
4.588708	1.652297
4.596772	1.620443
4.604837	1.657712
4.612901	1.606109
4.620966	1.655801
4.629030	1.607701
4.637095	1.652934
4.645159	1.623628
4.653224	1.627769
4.661288	1.630318
4.669353	1.648474
4.677417	1.632547
4.685482	1.609931
4.693546	1.667268
4.701611	1.604835
4.709675	1.667905
4.717740	1.629999
4.725804	1.671409
4.733869	1.623947
4.741933	1.662490
4.749998	1.619806
4.758062	1.679373
4.766127	1.613754
4.774191	1.650386
4.782256	1.638600
4.790320	1.637326
4.798385	1.644015
4.806449	1.611524
4.814514	1.624584
4.822578	1.647200
4.830643	1.637644
4.838708	1.624903
4.846772	1.676824
4.854837	1.609613
4.862901	1.664401
4.870966	1.619487
4.879030	1.650386
4.887095	1.621717
4.895159	1.649111
4.903224	1.645289
4.911288	1.612798
4.919353	1.659942
4.927417	1.637326
4.935482	1.649430
4.943546	1.644652
4.951611	1.677780
4.959675	1.610250
4.967740	1.674276
4.975804	1.618850
4.983869	1.670453
4.991933	1.627769

