LabVIEW Measurement	
Writer_Version	2
Reader_Version	2
Separator	Tab
Decimal_Separator	.
Multi_Headings	Yes
X_Columns	One
Time_Pref	Absolute
Operator	labuser
Date	2023/05/16
Time	11:17:34.9028122624995361818
***End_of_Header***	
	
Channels	1	
Samples	620	
Date	2023/05/16	
Time	11:17:34.9028122624995361818	
Y_Unit_Label	Volts	
X_Dimension	Time	
X0	0.0000000000000000E+0	
Delta_X	0.008065	
***End_of_Header***		
X_Value	Voltage	Comment
0.000000	1.624903
0.008065	1.667268
0.016129	1.607383
0.024194	1.634140
0.032258	1.634140
0.040323	1.612161
0.048387	1.671728
0.056452	1.630318
0.064516	1.647200
0.072581	1.600375
0.080645	1.642741
0.088710	1.627769
0.096774	1.635414
0.104839	1.640192
0.112903	1.634140
0.120968	1.644970
0.129032	1.585722
0.137097	1.644970
0.145161	1.664720
0.153226	1.636051
0.161290	1.636051
0.169355	1.653889
0.177419	1.585722
0.185484	1.644970
0.193548	1.613117
0.201613	1.631910
0.209677	1.642422
0.217742	1.628088
0.225806	1.640829
0.233871	1.638281
0.241935	1.638918
0.250000	1.621717
0.258064	1.627451
0.266129	1.631273
0.274193	1.663127
0.282258	1.632866
0.290322	1.614709
0.298387	1.640192
0.306451	1.638281
0.314516	1.627132
0.322581	1.645608
0.330645	1.625221
0.338710	1.661853
0.346774	1.609931
0.354839	1.662809
0.362903	1.613435
0.370968	1.664720
0.379032	1.603242
0.387097	1.641148
0.395161	1.643696
0.403226	1.613435
0.411290	1.629362
0.419355	1.629999
0.427419	1.635096
0.435484	1.650386
0.443548	1.614072
0.451613	1.640829
0.459677	1.621080
0.467742	1.624903
0.475806	1.636688
0.483871	1.620443
0.491935	1.625221
0.500000	1.591138
0.508064	1.575211
0.516129	1.638281
0.524193	1.647837
0.532258	1.634459
0.540322	1.585722
0.548387	1.631273
0.556451	1.479968
0.564516	1.631910
0.572580	1.641467
0.580645	1.631592
0.588709	1.631910
0.596774	1.625221
0.604838	1.650386
0.612903	1.628725
0.620967	1.634459
0.629032	1.639555
0.637096	1.638281
0.645161	1.661534
0.653226	1.645289
0.661290	1.634459
0.669355	1.659942
0.677419	1.613754
0.685484	1.477101
0.693548	1.624584
0.701613	1.611842
0.709677	1.647837
0.717742	1.666312
0.725806	1.631910
0.733871	1.656119
0.741935	1.626177
0.750000	1.643059
0.758064	1.629362
0.766129	1.626495
0.774193	1.647519
0.782258	1.630318
0.790322	1.584448
0.798387	1.634140
0.806451	1.651660
0.814516	1.639237
0.822580	1.625540
0.830645	1.635414
0.838709	1.616302
0.846774	1.561195
0.854838	1.624903
0.862903	1.688292
0.870967	1.639555
0.879032	1.596553
0.887096	1.599419
0.895161	1.642104
0.903225	1.617258
0.911290	1.624584
0.919354	1.653252
0.927419	1.578077
0.935483	1.648793
0.943548	1.623310
0.951612	1.637963
0.959677	1.633185
0.967742	1.635733
0.975806	1.632547
0.983871	1.653889
0.991935	1.632866
1.000000	1.659305
1.008064	1.621717
1.016129	1.601968
1.024193	1.665675
1.032258	1.610887
1.040322	1.641467
1.048387	1.620443
1.056451	1.642104
1.064516	1.630955
1.072580	1.646245
1.080645	1.672683
1.088709	1.646563
1.096774	1.282156
1.104838	1.642104
1.112903	1.600375
1.120967	1.647837
1.129032	1.635096
1.137096	1.644652
1.145161	1.621080
1.153225	1.678735
1.161290	1.604835
1.169354	1.669498
1.177419	1.574574
1.185483	1.649430
1.193548	1.611842
1.201612	1.637644
1.209677	1.610250
1.217741	1.628725
1.225806	1.637963
1.233870	1.624265
1.241935	1.642741
1.249999	1.627132
1.258064	1.647200
1.266128	1.552913
1.274193	1.650386
1.282257	1.641148
1.290322	1.620124
1.298387	1.637326
1.306451	1.654527
1.314516	1.649749
1.322580	1.642741
1.330645	1.612798
1.338709	1.662171
1.346774	1.651660
1.354838	1.511503
1.362903	1.607064
1.370967	1.643378
1.379032	1.633822
1.387096	1.614072
1.395161	1.628088
1.403225	1.606746
1.411290	1.625858
1.419354	1.625540
1.427419	1.638918
1.435483	1.579352
1.443548	1.637326
1.451612	1.634459
1.459677	1.571388
1.467741	1.641785
1.475806	1.633185
1.483870	1.632229
1.491935	1.635414
1.499999	1.652615
1.508064	1.630955
1.516128	1.633822
1.524193	1.630636
1.532257	1.625540
1.540322	1.636688
1.548386	1.621080
1.556451	1.651978
1.564515	1.614072
1.572580	1.630636
1.580644	1.639874
1.588709	1.429002
1.596773	1.636688
1.604838	1.577440
1.612903	1.629044
1.620967	1.629999
1.629032	1.646245
1.637096	1.601968
1.645161	1.635414
1.653225	1.609931
1.661290	1.652615
1.669354	1.631910
1.677419	1.621399
1.685483	1.636370
1.693548	1.626495
1.701612	1.656119
1.709677	1.610568
1.717741	1.647837
1.725806	1.636051
1.733870	1.637644
1.741935	1.630318
1.749999	1.639555
1.758064	1.639555
1.766128	1.594323
1.774193	1.667587
1.782257	1.578396
1.790322	1.653571
1.798386	1.606746
1.806451	1.654208
1.814515	1.622354
1.822580	1.632547
1.830644	1.634777
1.838709	1.627132
1.846773	1.622673
1.854838	1.646245
1.862902	1.591138
1.870967	1.629362
1.879031	1.642741
1.887096	1.657393
1.895160	1.620124
1.903225	1.628088
1.911289	1.640829
1.919354	1.630636
1.927418	1.649430
1.935483	1.637326
1.943548	1.623628
1.951612	1.683514
1.959677	1.602286
1.967741	1.645926
1.975806	1.630318
1.983870	1.644970
1.991935	1.645926
1.999999	1.615346
2.008064	1.639874
2.016128	1.628406
2.024193	1.643059
2.032257	1.628088
2.040322	1.644333
2.048386	1.650704
2.056451	1.576485
2.064515	1.650386
2.072580	1.602286
2.080644	1.646882
2.088709	1.595916
2.096773	1.644970
2.104838	1.638600
2.112902	1.622991
2.120967	1.649430
2.129031	1.631273
2.137096	1.620124
2.145160	1.644333
2.153225	1.580307
2.161289	1.632547
2.169354	1.649111
2.177418	1.630636
2.185483	1.618532
2.193547	1.669179
2.201612	1.613117
2.209676	1.629681
2.217741	1.643059
2.225805	1.648474
2.233870	1.639237
2.241934	1.636051
2.249999	1.628725
2.258064	1.642104
2.266128	1.644970
2.274193	1.612798
2.282257	1.628088
2.290322	1.662490
2.298386	1.626814
2.306451	1.650067
2.314515	1.605472
2.322580	1.579352
2.330644	1.613754
2.338709	1.625540
2.346773	1.644970
2.354838	1.596234
2.362902	1.663764
2.370967	1.601649
2.379031	1.668224
2.387096	1.602923
2.395160	1.643378
2.403225	1.618850
2.411289	1.660579
2.419354	1.625540
2.427418	1.633822
2.435483	1.660260
2.443547	1.602923
2.451612	1.649749
2.459676	1.596553
2.467741	1.607383
2.475805	1.557372
2.483870	1.672046
2.491934	1.596553
2.499999	1.642104
2.508063	1.657712
2.516128	1.624265
2.524192	1.627132
2.532257	1.600057
2.540321	1.640829
2.548386	1.639874
2.556450	1.651341
2.564515	1.627769
2.572579	1.637007
2.580644	1.644652
2.588709	1.624584
2.596773	1.658030
2.604838	1.631910
2.612902	1.633503
2.620967	1.643378
2.629031	1.650704
2.637096	1.609294
2.645160	1.645926
2.653225	1.631910
2.661289	1.651660
2.669354	1.609294
2.677418	1.594323
2.685483	1.590819
2.693547	1.574574
2.701612	1.646882
2.709676	1.603879
2.717741	1.643378
2.725805	1.631910
2.733870	1.631910
2.741934	1.630636
2.749999	1.647519
2.758063	1.633503
2.766128	1.637007
2.774192	1.645608
2.782257	1.584767
2.790321	1.640829
2.798386	1.614709
2.806450	1.613754
2.814515	1.629999
2.822579	1.636688
2.830644	1.656438
2.838708	1.639555
2.846773	1.655164
2.854837	1.633503
2.862902	1.635414
2.870966	1.641467
2.879031	1.620443
2.887095	1.639555
2.895160	1.645926
2.903225	1.652615
2.911289	1.474234
2.919354	1.634459
2.927418	1.626177
2.935483	1.646882
2.943547	1.606109
2.951612	1.664720
2.959676	1.618213
2.967741	1.686062
2.975805	1.644015
2.983870	1.625858
2.991934	1.608339
2.999999	1.639874
3.008063	1.622673
3.016128	1.650067
3.024192	1.629999
3.032257	1.640829
3.040321	1.639874
3.048386	1.627451
3.056450	1.657075
3.064515	1.619487
3.072579	1.662171
3.080644	1.657712
3.088708	1.593049
3.096773	1.644015
3.104837	1.623628
3.112902	1.627769
3.120966	1.643378
3.129031	1.620443
3.137095	1.640511
3.145160	1.626177
3.153224	1.661853
3.161289	1.632547
3.169353	1.654845
3.177418	1.614072
3.185482	1.614709
3.193547	1.617576
3.201611	1.628725
3.209676	1.660579
3.217740	1.613117
3.225805	1.658986
3.233870	1.525519
3.241934	1.631273
3.249999	1.639237
3.258063	1.661216
3.266128	1.628725
3.274192	1.636688
3.282257	1.667905
3.290321	1.623947
3.298386	1.649430
3.306450	1.600057
3.314515	1.652615
3.322579	1.623628
3.330644	1.625540
3.338708	1.626177
3.346773	1.627451
3.354837	1.650067
3.362902	1.590819
3.370966	1.615346
3.379031	1.634140
3.387095	1.651341
3.395160	1.637326
3.403224	1.616621
3.411289	1.441425
3.419353	1.620443
3.427418	1.652615
3.435482	1.644015
3.443547	1.612480
3.451611	1.672683
3.459676	1.607701
3.467740	1.637007
3.475805	1.637007
3.483869	1.615028
3.491934	1.532208
3.499998	1.665357
3.508063	1.599419
3.516127	1.637007
3.524192	1.643696
3.532256	1.639237
3.540321	1.619487
3.548386	1.635414
3.556450	1.647519
3.564515	1.654527
3.572579	1.624903
3.580644	1.650704
3.588708	1.634459
3.596773	1.618850
3.604837	1.679054
3.612902	1.635096
3.620966	1.649749
3.629031	1.608339
3.637095	1.631592
3.645160	1.624584
3.653224	1.667587
3.661289	1.610568
3.669353	1.664401
3.677418	1.629681
3.685482	1.636370
3.693547	1.633822
3.701611	1.513414
3.709676	1.641467
3.717740	1.611205
3.725805	1.643378
3.733869	1.601968
3.741934	1.651660
3.749998	1.621399
3.758063	1.640192
3.766127	1.648793
3.774192	1.617576
3.782256	1.644333
3.790321	1.634140
3.798385	1.659942
3.806450	1.611842
3.814514	1.667587
3.822579	1.618532
3.830643	1.660579
3.838708	1.622673
3.846772	1.651341
3.854837	1.605153
3.862901	1.624903
3.870966	1.634140
3.879031	1.635414
3.887095	1.654845
3.895160	1.613117
3.903224	1.660579
3.911289	1.630955
3.919353	1.639555
3.927418	1.627132
3.935482	1.625858
3.943547	1.626177
3.951611	1.609294
3.959676	1.576166
3.967740	1.671091
3.975805	1.612480
3.983869	1.668224
3.991934	1.632229
3.999998	1.628088
4.008063	1.636688
4.016127	1.639555
4.024192	1.648793
4.032256	1.644333
4.040321	1.629999
4.048385	1.649749
4.056450	1.639555
4.064514	1.658668
4.072579	1.604516
4.080643	1.650067
4.088708	1.615665
4.096772	1.646245
4.104837	1.633503
4.112901	1.536349
4.120966	1.592412
4.129030	1.659305
4.137095	1.615665
4.145159	1.638281
4.153224	1.639874
4.161288	1.628088
4.169353	1.644652
4.177417	1.651341
4.185482	1.652934
4.193547	1.642741
4.201611	1.649430
4.209676	1.607701
4.217740	1.639874
4.225805	1.634140
4.233869	1.639874
4.241934	1.623310
4.249998	1.607701
4.258063	1.564380
4.266127	1.618532
4.274192	1.659305
4.282256	1.610250
4.290321	1.650704
4.298385	1.621717
4.306450	1.625540
4.314514	1.652615
4.322579	1.627132
4.330643	1.655801
4.338708	1.629044
4.346772	1.675232
4.354837	1.658986
4.362901	1.622673
4.370966	1.651660
4.379030	1.644652
4.387095	1.622354
4.395159	1.584448
4.403224	1.575211
4.411288	1.672365
4.419353	1.645608
4.427417	1.617895
4.435482	1.676506
4.443546	1.617895
4.451611	1.678735
4.459675	1.625221
4.467740	1.629999
4.475804	1.645926
4.483869	1.617258
4.491933	1.644652
4.499998	1.493346
4.508062	1.653252
4.516127	1.586041
4.524192	1.642422
4.532256	1.614709
4.540321	1.551957
4.548385	1.626177
4.556450	1.634140
4.564514	1.626495
4.572579	1.682239
4.580643	1.646245
4.588708	1.615346
4.596772	1.636370
4.604837	1.609613
4.612901	1.625221
4.620966	1.635733
4.629030	1.649749
4.637095	1.616302
4.645159	1.641467
4.653224	1.627451
4.661288	1.645289
4.669353	1.647200
4.677417	1.637326
4.685482	1.653889
4.693546	1.620762
4.701611	1.630318
4.709675	1.624903
4.717740	1.549090
4.725804	1.622673
4.733869	1.633503
4.741933	1.658668
4.749998	1.651978
4.758062	1.609294
4.766127	1.656119
4.774191	1.641785
4.782256	1.644333
4.790320	1.649430
4.798385	1.633822
4.806449	1.651341
4.814514	1.599419
4.822578	1.636370
4.830643	1.650704
4.838708	1.585085
4.846772	1.646563
4.854837	1.594641
4.862901	1.656438
4.870966	1.528386
4.879030	1.646245
4.887095	1.618532
4.895159	1.629681
4.903224	1.633822
4.911288	1.626495
4.919353	1.618213
4.927417	1.605472
4.935482	1.597508
4.943546	1.639555
4.951611	1.632866
4.959675	1.614072
4.967740	1.639874
4.975804	1.602923
4.983869	1.645926
4.991933	1.650386

