LabVIEW Measurement	
Writer_Version	2
Reader_Version	2
Separator	Tab
Decimal_Separator	.
Multi_Headings	Yes
X_Columns	One
Time_Pref	Absolute
Operator	labuser
Date	2023/05/16
Time	11:16:58.6516364624996662391
***End_of_Header***	
	
Channels	1	
Samples	620	
Date	2023/05/16	
Time	11:16:58.6516364624996662391	
Y_Unit_Label	Volts	
X_Dimension	Time	
X0	0.0000000000000000E+0	
Delta_X	0.008065	
***End_of_Header***		
X_Value	Voltage	Comment
0.000000	1.600694
0.008065	1.586359
0.016129	1.671728
0.024194	1.596553
0.032258	1.525200
0.040323	1.576166
0.048387	1.620443
0.056452	1.628725
0.064516	1.622991
0.072581	1.460218
0.080645	1.576166
0.088710	1.556098
0.096774	1.594323
0.104839	1.544949
0.112903	1.669179
0.120968	1.449707
0.129032	1.597827
0.137097	1.621399
0.145161	1.654527
0.153226	1.592730
0.161290	1.545268
0.169355	1.612480
0.177419	1.486657
0.185484	1.658030
0.193548	1.455440
0.201613	1.632866
0.209677	1.612480
0.217742	1.551002
0.225806	1.626814
0.233871	1.655801
0.241935	1.627769
0.250000	1.654208
0.258064	1.636688
0.266129	1.608339
0.274193	1.601012
0.282258	1.549090
0.290322	1.598464
0.298387	1.626814
0.306451	1.657075
0.314516	1.643696
0.322581	1.561832
0.330645	1.627132
0.338710	1.422312
0.346774	1.634777
0.354839	1.625221
0.362903	1.635733
0.370968	1.592730
0.379032	1.444291
0.387097	1.600375
0.395161	1.599419
0.403226	1.543357
0.411290	1.592093
0.419355	1.483472
0.427419	1.635733
0.435484	1.593367
0.443548	1.584130
0.451613	1.603242
0.459677	1.585722
0.467742	1.606427
0.475806	1.597508
0.483871	1.633185
0.491935	1.494620
0.500000	1.556735
0.508064	1.615028
0.516129	1.615346
0.524193	1.619169
0.532258	1.394600
0.540322	1.613435
0.548387	1.584448
0.556451	1.596234
0.564516	1.633185
0.572580	1.655164
0.580645	1.578715
0.588709	1.591775
0.596774	1.614391
0.604838	1.476145
0.612903	1.651660
0.620967	1.568840
0.629032	1.649111
0.637096	1.580626
0.645161	1.645289
0.653226	1.615346
0.661290	1.622354
0.669355	1.536349
0.677419	1.624265
0.685484	1.381540
0.693548	1.620762
0.701613	1.635414
0.709677	1.610250
0.717742	1.622354
0.725806	1.565017
0.733871	1.641467
0.741935	1.549409
0.750000	1.568840
0.758064	1.597827
0.766129	1.577759
0.774193	1.579352
0.782258	1.633185
0.790322	1.460537
0.798387	1.601649
0.806451	1.628406
0.814516	1.541127
0.822580	1.516281
0.830645	1.396192
0.838709	1.585085
0.846774	1.644015
0.854838	1.609294
0.862903	1.586359
0.870967	1.636370
0.879032	1.677780
0.887096	1.622036
0.895161	1.633503
0.903225	1.634459
0.911290	1.573936
0.919354	1.646882
0.927419	1.583811
0.935483	1.629044
0.943548	1.619487
0.951612	1.622673
0.959677	1.624903
0.967742	1.543675
0.975806	1.602286
0.983871	1.552594
0.991935	1.615028
1.000000	1.558328
1.008064	1.654527
1.016129	1.527111
1.024193	1.597508
1.032258	1.615346
1.040322	1.618213
1.048387	1.520741
1.056451	1.598464
1.064516	1.464678
1.072580	1.599738
1.080645	1.600057
1.088709	1.472004
1.096774	1.633503
1.104838	1.624903
1.112903	1.618850
1.120967	1.579989
1.129032	1.620762
1.137096	1.492391
1.145161	1.568840
1.153225	1.597508
1.161290	1.617895
1.169354	1.632547
1.177419	1.658030
1.185483	1.601649
1.193548	1.635096
1.201612	1.608339
1.209677	1.643378
1.217741	1.607701
1.225806	1.590500
1.233870	1.616939
1.241935	1.624903
1.249999	1.614391
1.258064	1.307320
1.266128	1.666950
1.274193	1.609294
1.282257	1.637007
1.290322	1.643696
1.298387	1.541127
1.306451	1.639237
1.314516	1.649430
1.322580	1.591775
1.330645	1.656756
1.338709	1.368798
1.346774	1.636688
1.354838	1.542401
1.362903	1.611842
1.370967	1.584130
1.379032	1.521696
1.387096	1.613435
1.395161	1.598464
1.403225	1.637007
1.411290	1.555780
1.419354	1.552594
1.427419	1.603879
1.435483	1.546542
1.443548	1.669498
1.451612	1.556735
1.459677	1.649111
1.467741	1.591775
1.475806	1.640511
1.483870	1.607701
1.491935	1.620124
1.499999	1.640192
1.508064	1.434417
1.516128	1.623628
1.524193	1.644333
1.532257	1.617258
1.540322	1.529660
1.548386	1.611205
1.556451	1.638918
1.564515	1.631592
1.572580	1.591775
1.580644	1.560239
1.588709	1.628088
1.596773	1.440150
1.604838	1.628725
1.612903	1.616302
1.620967	1.618532
1.629032	1.664083
1.637096	1.594004
1.645161	1.665038
1.653225	1.642741
1.661290	1.629362
1.669354	1.670772
1.677419	1.515644
1.685483	1.648156
1.693548	1.615346
1.701612	1.629044
1.709677	1.632547
1.717741	1.619487
1.725806	1.636688
1.733870	1.567566
1.741935	1.633185
1.749999	1.650386
1.758064	1.626177
1.766128	1.480605
1.774193	1.612161
1.782257	1.478375
1.790322	1.556735
1.798386	1.484746
1.806451	1.622036
1.814515	1.502265
1.822580	1.669498
1.830644	1.478057
1.838709	1.638281
1.846773	1.554824
1.854838	1.600694
1.862902	1.611842
1.870967	1.547179
1.879031	1.614709
1.887096	1.461493
1.895160	1.659305
1.903225	1.599101
1.911289	1.666631
1.919354	1.641148
1.927418	1.569795
1.935483	1.614709
1.943548	1.408934
1.951612	1.635733
1.959677	1.418808
1.967741	1.555780
1.975806	1.330573
1.983870	1.630318
1.991935	1.579033
1.999999	1.575211
2.008064	1.633185
2.016128	1.567884
2.024193	1.641785
2.032257	1.617895
2.040322	1.537305
2.048386	1.635414
2.056451	1.596234
2.064515	1.639874
2.072580	1.570433
2.080644	1.581581
2.088709	1.654208
2.096773	1.531889
2.104838	1.510547
2.112902	1.626495
2.120967	1.636370
2.129031	1.659305
2.137096	1.453848
2.145160	1.626177
2.153225	1.539534
2.161289	1.604516
2.169354	1.522970
2.177418	1.680328
2.185483	1.590500
2.193547	1.662490
2.201612	1.601968
2.209676	1.650704
2.217741	1.609931
2.225805	1.639237
2.233870	1.630636
2.241934	1.587634
2.249999	1.607383
2.258064	1.575211
2.266128	1.571070
2.274193	1.632547
2.282257	1.475508
2.290322	1.640192
2.298386	1.675232
2.306451	1.635096
2.314515	1.473597
2.322580	1.641148
2.330644	1.507362
2.338709	1.653252
2.346773	1.624584
2.354838	1.556417
2.362902	1.623628
2.370967	1.592093
2.379031	1.668224
2.387096	1.599101
2.395160	1.628088
2.403225	1.616621
2.411289	1.634459
2.419354	1.634140
2.427418	1.586041
2.435483	1.641785
2.443547	1.594641
2.451612	1.373576
2.459676	1.583174
2.467741	1.603560
2.475805	1.379628
2.483870	1.628406
2.491934	1.576166
2.499999	1.600694
2.508063	1.587315
2.516128	1.637963
2.524192	1.618213
2.532257	1.583811
2.540321	1.597190
2.548386	1.622354
2.556450	1.637007
2.564515	1.488568
2.572579	1.626814
2.580644	1.521696
2.588709	1.528386
2.596773	1.594641
2.604838	1.574574
2.612902	1.610887
2.620967	1.619487
2.629031	1.617895
2.637096	1.536986
2.645160	1.629044
2.653225	1.256036
2.661289	1.640192
2.669354	1.568521
2.677418	1.620124
2.685483	1.617576
2.693547	1.557054
2.701612	1.591138
2.709676	1.566292
2.717741	1.603879
2.725805	1.621717
2.733870	1.654527
2.741934	1.601649
2.749999	1.565654
2.758063	1.432506
2.766128	1.618850
2.774192	1.587634
2.782257	1.609931
2.790321	1.619806
2.798386	1.542720
2.806450	1.611524
2.814515	1.569795
2.822579	1.647837
2.830644	1.573936
2.838708	1.637644
2.846773	1.628088
2.854837	1.576485
2.862902	1.645926
2.870966	1.625540
2.879031	1.654845
2.887095	1.558647
2.895160	1.672683
2.903225	1.464678
2.911289	1.590500
2.919354	1.641785
2.927418	1.558010
2.935483	1.614391
2.943547	1.614072
2.951612	1.635096
2.959676	1.629681
2.967741	1.622354
2.975805	1.607701
2.983870	1.452892
2.991934	1.636051
2.999999	1.628406
3.008063	1.607701
3.016128	1.626814
3.024192	1.465315
3.032257	1.638600
3.040321	1.629999
3.048386	1.550365
3.056450	1.625540
3.064515	1.659942
3.072579	1.621080
3.080644	1.616302
3.088708	1.349049
3.096773	1.371346
3.104837	1.591456
3.112902	1.560876
3.120966	1.558010
3.129031	1.555780
3.137095	1.638918
3.145160	1.566929
3.153224	1.625540
3.161289	1.604198
3.169353	1.621717
3.177418	1.574574
3.185482	1.543994
3.193547	1.577759
3.201611	1.540490
3.209676	1.638600
3.217740	1.462767
3.225805	1.645289
3.233870	1.315602
3.241934	1.666950
3.249999	1.539216
3.258063	1.660260
3.266128	1.614391
3.274192	1.632229
3.282257	1.640192
3.290321	1.615665
3.298386	1.641148
3.306450	1.378991
3.314515	1.633822
3.322579	1.459900
3.330644	1.607064
3.338708	1.605153
3.346773	1.623947
3.354837	1.501628
3.362902	1.628406
3.370966	1.466908
3.379031	1.569477
3.387095	1.615028
3.395160	1.677143
3.403224	1.631592
3.411289	1.614391
3.419353	1.628406
3.427418	1.620443
3.435482	1.628406
3.443547	1.285341
3.451611	1.606427
3.459676	1.460537
3.467740	1.552913
3.475805	1.648474
3.483869	1.643059
3.491934	1.603879
3.499998	1.685743
3.508063	1.598145
3.516127	1.573299
3.524192	1.641785
3.532256	1.537942
3.540321	1.640192
3.548386	1.366887
3.556450	1.654208
3.564515	1.576166
3.572579	1.628725
3.580644	1.629999
3.588708	1.613117
3.596773	1.624903
3.604837	1.642422
3.612902	1.614391
3.620966	1.627132
3.629031	1.410526
3.637095	1.594641
3.645160	1.628406
3.653224	1.624903
3.661289	1.545268
3.669353	1.635096
3.677418	1.448432
3.685482	1.640829
3.693547	1.415623
3.701611	1.626177
3.709676	1.513414
3.717740	1.576166
3.725805	1.622991
3.733869	1.621080
3.741934	1.358605
3.749998	1.557054
3.758063	1.622036
3.766127	1.509910
3.774192	1.649749
3.782256	1.629999
3.790321	1.548135
3.798385	1.626177
3.806450	1.558328
3.814514	1.630636
3.822579	1.422631
3.830643	1.622673
3.838708	1.374532
3.846772	1.651978
3.854837	1.629044
3.862901	1.597190
3.870966	1.604516
3.879031	1.641148
3.887095	1.586041
3.895160	1.654208
3.903224	1.326432
3.911289	1.598782
3.919353	1.586359
3.927418	1.446840
3.935482	1.591456
3.943547	1.593367
3.951611	1.629362
3.959676	1.652615
3.967740	1.629681
3.975805	1.600057
3.983869	1.598145
3.991934	1.616302
3.999998	1.623310
4.008063	1.604198
4.016127	1.648793
4.024192	1.604198
4.032256	1.623628
4.040321	1.593049
4.048385	1.534438
4.056450	1.630955
4.064514	1.436965
4.072579	1.621399
4.080643	1.521378
4.088708	1.644970
4.096772	1.540809
4.104837	1.633822
4.112901	1.428365
4.120966	1.664720
4.129030	1.547816
4.137095	1.569158
4.145159	1.632547
4.153224	1.604198
4.161288	1.633822
4.169353	1.598145
4.177417	1.648474
4.185482	1.602605
4.193547	1.604516
4.201611	1.652934
4.209676	1.632547
4.217740	1.655482
4.225805	1.581263
4.233869	1.556098
4.241934	1.594004
4.249998	1.558965
4.258063	1.622036
4.266127	1.565336
4.274192	1.634140
4.282256	1.586041
4.290321	1.619169
4.298385	1.613117
4.306450	1.621080
4.314514	1.537623
4.322579	1.646245
4.330643	1.532527
4.338708	1.552276
4.346772	1.594641
4.354837	1.684151
4.362901	1.436328
4.370966	1.561513
4.379030	1.437602
4.387095	1.621080
4.395159	1.627132
4.403224	1.618850
4.411288	1.486020
4.419353	1.665038
4.427417	1.566929
4.435482	1.615665
4.443546	1.617576
4.451611	1.536668
4.459675	1.635733
4.467740	1.594004
4.475804	1.652297
4.483869	1.539853
4.491933	1.631592
4.499998	1.594641
4.508062	1.611205
4.516127	1.579033
4.524192	1.598145
4.532256	1.581581
4.540321	1.640511
4.548385	1.607701
4.556450	1.534756
4.564514	1.617258
4.572579	1.414030
4.580643	1.633185
4.588708	1.573618
4.596772	1.585085
4.604837	1.557691
4.612901	1.616939
4.620966	1.594641
4.629030	1.565336
4.637095	1.581900
4.645159	1.625540
4.653224	1.560239
4.661288	1.680965
4.669353	1.604516
4.677417	1.638281
4.685482	1.635096
4.693546	1.624584
4.701611	1.614391
4.709675	1.653889
4.717740	1.589863
4.725804	1.514051
4.733869	1.586678
4.741933	1.609931
4.749998	1.648474
4.758062	1.548135
4.766127	1.636370
4.774191	1.632229
4.782256	1.490798
4.790320	1.622354
4.798385	1.588589
4.806449	1.626814
4.814514	1.589545
4.822578	1.624265
4.830643	1.292667
4.838708	1.633822
4.846772	1.537623
4.854837	1.661216
4.862901	1.589545
4.870966	1.613754
4.879030	1.575529
4.887095	1.619169
4.895159	1.617258
4.903224	1.536986
4.911288	1.603560
4.919353	1.580307
4.927417	1.592412
4.935482	1.635096
4.943546	1.619806
4.951611	1.635096
4.959675	1.571070
4.967740	1.672365
4.975804	1.627769
4.983869	1.573299
4.991933	1.635414

