LabVIEW Measurement	
Writer_Version	2
Reader_Version	2
Separator	Tab
Decimal_Separator	.
Multi_Headings	Yes
X_Columns	One
Time_Pref	Absolute
Operator	labuser
Date	2023/05/16
Time	11:10:22.8041742624995872559
***End_of_Header***	
	
Channels	1	
Samples	620	
Date	2023/05/16	
Time	11:10:22.8041742624995872559	
Y_Unit_Label	Volts	
X_Dimension	Time	
X0	0.0000000000000000E+0	
Delta_X	0.008065	
***End_of_Header***		
X_Value	Voltage	Comment
0.000000	1.633822
0.008065	1.608657
0.016129	1.666312
0.024194	1.473916
0.032258	1.658349
0.040323	1.528386
0.048387	1.660579
0.056452	1.587952
0.064516	1.676506
0.072581	1.581900
0.080645	1.635733
0.088710	1.610568
0.096774	1.664720
0.104839	1.611205
0.112903	1.637326
0.120968	1.619487
0.129032	1.636370
0.137097	1.672046
0.145161	1.591775
0.153226	1.679373
0.161290	1.612480
0.169355	1.663127
0.177419	1.624903
0.185484	1.638281
0.193548	1.620762
0.201613	1.672046
0.209677	1.632866
0.217742	1.640192
0.225806	1.618532
0.233871	1.619169
0.241935	1.639555
0.250000	1.667268
0.258064	1.608339
0.266129	1.663127
0.274193	1.610568
0.282258	1.666950
0.290322	1.618850
0.298387	1.549090
0.306451	1.620762
0.314516	1.638281
0.322581	1.624903
0.330645	1.628088
0.338710	1.655801
0.346774	1.591456
0.354839	1.652934
0.362903	1.601968
0.370968	1.632547
0.379032	1.654845
0.387097	1.606109
0.395161	1.662809
0.403226	1.631910
0.411290	1.613435
0.419355	1.672683
0.427419	1.577759
0.435484	1.675232
0.443548	1.610887
0.451613	1.670453
0.459677	1.566292
0.467742	1.659942
0.475806	1.636688
0.483871	1.623947
0.491935	1.657712
0.500000	1.621080
0.508064	1.645289
0.516129	1.639237
0.524193	1.638600
0.532258	1.643696
0.540322	1.609931
0.548387	1.633503
0.556451	1.671091
0.564516	1.634459
0.572580	1.635733
0.580645	1.658349
0.588709	1.558965
0.596774	1.656438
0.604838	1.604516
0.612903	1.621080
0.620967	1.578715
0.629032	1.649111
0.637096	1.622354
0.645161	1.473597
0.653226	1.639237
0.661290	1.609931
0.669355	1.656119
0.677419	1.626495
0.685484	1.619487
0.693548	1.636370
0.701613	1.652297
0.709677	1.625540
0.717742	1.607064
0.725806	1.659305
0.733871	1.608339
0.741935	1.683195
0.750000	1.588271
0.758064	1.702944
0.766129	1.575848
0.774193	1.603560
0.782258	1.603879
0.790322	1.491435
0.798387	1.634140
0.806451	1.620443
0.814516	1.718871
0.822580	1.545268
0.830645	1.663764
0.838709	1.633822
0.846774	1.661853
0.854838	1.580626
0.862903	1.680965
0.870967	1.583174
0.879032	1.600375
0.887096	1.594960
0.895161	1.648793
0.903225	1.595597
0.911290	1.649111
0.919354	1.641467
0.927419	1.664401
0.935483	1.637326
0.943548	1.620443
0.951612	1.652934
0.959677	1.589863
0.967742	1.671091
0.975806	1.594004
0.983871	1.651978
0.991935	1.629044
1.000000	1.633185
1.008064	1.652934
1.016129	1.670772
1.024193	1.600694
1.032258	1.686380
1.040322	1.601012
1.048387	1.601649
1.056451	1.623628
1.064516	1.578077
1.072580	1.629044
1.080645	1.603560
1.088709	1.638918
1.096774	1.594004
1.104838	1.683514
1.112903	1.595916
1.120967	1.645289
1.129032	1.635733
1.137096	1.583493
1.145161	1.644970
1.153225	1.609931
1.161290	1.629362
1.169354	1.616302
1.177419	1.679373
1.185483	1.589863
1.193548	1.693707
1.201612	1.589226
1.209677	1.654845
1.217741	1.589226
1.225806	1.724286
1.233870	1.589226
1.241935	1.655482
1.249999	1.622354
1.258064	1.630955
1.266128	1.603560
1.274193	1.612798
1.282257	1.627769
1.290322	1.634140
1.298387	1.629044
1.306451	1.612480
1.314516	1.659305
1.322580	1.579670
1.330645	1.686380
1.338709	1.557372
1.346774	1.686699
1.354838	1.631273
1.362903	1.600057
1.370967	1.688610
1.379032	1.588271
1.387096	1.651023
1.395161	1.590500
1.403225	1.659942
1.411290	1.610250
1.419354	1.665038
1.427419	1.591456
1.435483	1.658030
1.443548	1.598464
1.451612	1.647200
1.459677	1.629681
1.467741	1.641467
1.475806	1.594960
1.483870	1.712819
1.491935	1.592093
1.499999	1.697529
1.508064	1.593686
1.516128	1.648793
1.524193	1.638918
1.532257	1.659623
1.540322	1.652615
1.548386	1.656756
1.556451	1.623310
1.564515	1.630636
1.572580	1.653252
1.580644	1.624265
1.588709	1.627132
1.596773	1.635096
1.604838	1.614072
1.612903	1.626495
1.620967	1.658030
1.629032	1.615665
1.637096	1.597508
1.645161	1.666312
1.653225	1.573936
1.661290	1.691158
1.669354	1.609613
1.677419	1.649111
1.685483	1.637326
1.693548	1.603879
1.701612	1.664401
1.709677	1.605153
1.717741	1.658349
1.725806	1.606109
1.733870	1.658986
1.741935	1.596871
1.749999	1.658030
1.758064	1.615983
1.766128	1.642104
1.774193	1.604198
1.782257	1.638281
1.790322	1.613435
1.798386	1.622991
1.806451	1.647837
1.814515	1.580944
1.822580	1.646563
1.830644	1.557372
1.838709	1.640192
1.846773	1.651978
1.854838	1.602605
1.862902	1.664083
1.870967	1.609931
1.879031	1.614072
1.887096	1.653571
1.895160	1.601331
1.903225	1.678735
1.911289	1.599101
1.919354	1.665675
1.927418	1.662171
1.935483	1.619487
1.943548	1.653252
1.951612	1.629362
1.959677	1.633503
1.967741	1.629362
1.975806	1.625221
1.983870	1.628406
1.991935	1.654527
1.999999	1.605472
2.008064	1.564380
2.016128	1.614072
2.024193	1.551002
2.032257	1.592093
2.040322	1.640511
2.048386	1.658030
2.056451	1.575211
2.064515	1.652297
2.072580	1.617258
2.080644	1.661534
2.088709	1.618213
2.096773	1.636370
2.104838	1.616621
2.112902	1.576166
2.120967	1.615983
2.129031	1.656756
2.137096	1.618532
2.145160	1.587315
2.153225	1.650067
2.161289	1.595597
2.169354	1.615346
2.177418	1.637326
2.185483	1.605472
2.193547	1.631910
2.201612	1.576803
2.209676	1.649111
2.217741	1.624903
2.225805	1.635733
2.233870	1.615346
2.241934	1.651023
2.249999	1.645289
2.258064	1.608976
2.266128	1.600057
2.274193	1.637326
2.282257	1.634140
2.290322	1.654527
2.298386	1.620124
2.306451	1.654208
2.314515	1.628725
2.322580	1.634459
2.330644	1.615665
2.338709	1.627132
2.346773	1.625858
2.354838	1.671728
2.362902	1.583174
2.370967	1.700396
2.379031	1.583493
2.387096	1.687973
2.395160	1.611842
2.403225	1.645608
2.411289	1.624265
2.419354	1.498761
2.427418	1.657075
2.435483	1.611524
2.443547	1.658030
2.451612	1.606109
2.459676	1.653889
2.467741	1.642741
2.475805	1.612480
2.483870	1.650704
2.491934	1.638600
2.499999	1.629362
2.508063	1.631592
2.516128	1.645608
2.524192	1.572025
2.532257	1.663764
2.540321	1.590500
2.548386	1.676824
2.556450	1.570433
2.564515	1.668861
2.572579	1.593367
2.580644	1.677143
2.588709	1.619806
2.596773	1.648793
2.604838	1.609613
2.612902	1.649111
2.620967	1.597827
2.629031	1.704856
2.637096	1.602286
2.645160	1.679691
2.653225	1.625858
2.661289	1.624584
2.669354	1.617258
2.677418	1.679373
2.685483	1.612798
2.693547	1.635733
2.701612	1.596553
2.709676	1.671409
2.717741	1.599101
2.725805	1.651978
2.733870	1.608020
2.741934	1.608020
2.749999	1.636688
2.758063	1.657075
2.766128	1.642741
2.774192	1.609931
2.782257	1.646245
2.790321	1.610568
2.798386	1.642104
2.806450	1.662809
2.814515	1.585722
2.822579	1.609931
2.830644	1.603879
2.838708	1.600694
2.846773	1.603879
2.854837	1.683514
2.862902	1.631273
2.870966	1.639874
2.879031	1.627132
2.887095	1.538260
2.895160	1.612798
2.903225	1.604835
2.911289	1.619169
2.919354	1.635414
2.927418	1.637326
2.935483	1.651341
2.943547	1.588589
2.951612	1.687017
2.959676	1.557691
2.967741	1.679373
2.975805	1.625221
2.983870	1.632547
2.991934	1.631273
2.999999	1.651023
3.008063	1.613435
3.016128	1.618213
3.024192	1.606746
3.032257	1.680965
3.040321	1.594641
3.048386	1.680647
3.056450	1.630955
3.064515	1.645608
3.072579	1.635096
3.080644	1.584767
3.088708	1.669498
3.096773	1.605472
3.104837	1.666631
3.112902	1.613117
3.120966	1.649430
3.129031	1.639874
3.137095	1.649749
3.145160	1.597508
3.153224	1.617895
3.161289	1.650067
3.169353	1.647519
3.177418	1.630955
3.185482	1.658668
3.193547	1.635414
3.201611	1.614072
3.209676	1.612161
3.217740	1.637644
3.225805	1.623947
3.233870	1.618532
3.241934	1.634777
3.249999	1.617258
3.258063	1.678735
3.266128	1.583811
3.274192	1.650704
3.282257	1.624903
3.290321	1.667268
3.298386	1.589863
3.306450	1.679691
3.314515	1.600694
3.322579	1.664083
3.330644	1.600057
3.338708	1.625858
3.346773	1.646245
3.354837	1.612798
3.362902	1.629999
3.370966	1.639555
3.379031	1.591456
3.387095	1.673957
3.395160	1.602286
3.403224	1.618532
3.411289	1.644970
3.419353	1.493983
3.427418	1.665038
3.435482	1.596871
3.443547	1.651978
3.451611	1.629999
3.459676	1.653889
3.467740	1.646882
3.475805	1.603242
3.483869	1.618850
3.491934	1.431550
3.499998	1.669498
3.508063	1.587952
3.516127	1.673957
3.524192	1.630636
3.532256	1.640192
3.540321	1.660260
3.548386	1.522652
3.556450	1.655482
3.564515	1.593367
3.572579	1.679054
3.580644	1.605790
3.588708	1.684469
3.596773	1.586359
3.604837	1.640511
3.612902	1.637963
3.620966	1.594323
3.629031	1.668861
3.637095	1.601012
3.645160	1.660260
3.653224	1.642104
3.661289	1.654527
3.669353	1.619806
3.677418	1.672683
3.685482	1.615346
3.693547	1.696574
3.701611	1.624584
3.709676	1.665038
3.717740	1.604198
3.725805	1.672046
3.733869	1.598782
3.741934	1.658668
3.749998	1.667268
3.758063	1.607383
3.766127	1.662490
3.774192	1.617258
3.782256	1.647837
3.790321	1.650704
3.798385	1.613435
3.806450	1.636051
3.814514	1.638600
3.822579	1.740532
3.830643	1.614072
3.838708	1.664401
3.846772	1.622673
3.854837	1.635096
3.862901	1.648474
3.870966	1.608976
3.879031	1.621717
3.887095	1.578396
3.895160	1.651023
3.903224	1.608657
3.911289	1.578396
3.919353	1.618850
3.927418	1.635414
3.935482	1.639555
3.943547	1.607064
3.951611	1.653889
3.959676	1.617895
3.967740	1.633822
3.975805	1.614072
3.983869	1.644652
3.991934	1.623310
3.999998	1.596553
4.008063	1.636688
4.016127	1.620443
4.024192	1.617895
4.032256	1.601649
4.040321	1.618850
4.048385	1.669498
4.056450	1.626814
4.064514	1.628088
4.072579	1.601968
4.080643	1.662171
4.088708	1.616939
4.096772	1.688610
4.104837	1.597508
4.112901	1.645289
4.120966	1.622036
4.129030	1.629362
4.137095	1.660897
4.145159	1.542720
4.153224	1.586678
4.161288	1.605790
4.169353	1.624265
4.177417	1.637007
4.185482	1.627769
4.193547	1.641467
4.201611	1.517874
4.209676	1.688292
4.217740	1.610887
4.225805	1.679054
4.233869	1.608020
4.241934	1.687336
4.249998	1.590500
4.258063	1.634140
4.266127	1.646245
4.274192	1.598145
4.282256	1.658986
4.290321	1.644652
4.298385	1.643378
4.306450	1.633822
4.314514	1.663127
4.322579	1.615346
4.330643	1.558328
4.338708	1.649749
4.346772	1.620124
4.354837	1.599738
4.362901	1.663446
4.370966	1.618213
4.379030	1.669816
4.387095	1.623310
4.395159	1.626495
4.403224	1.678735
4.411288	1.597827
4.419353	1.641467
4.427417	1.611524
4.435482	1.640829
4.443546	1.628725
4.451611	1.607701
4.459675	1.634140
4.467740	1.635414
4.475804	1.629681
4.483869	1.647519
4.491933	1.617576
4.499998	1.670135
4.508062	1.629044
4.516127	1.637326
4.524192	1.628088
4.532256	1.620124
4.540321	1.603560
4.548385	1.648793
4.556450	1.619169
4.564514	1.647200
4.572579	1.611524
4.580643	1.617895
4.588708	1.620124
4.596772	1.643378
4.604837	1.618532
4.612901	1.654527
4.620966	1.576803
4.629030	1.694344
4.637095	1.607701
4.645159	1.645926
4.653224	1.626177
4.661288	1.609931
4.669353	1.632866
4.677417	1.637644
4.685482	1.608976
4.693546	1.670772
4.701611	1.557372
4.709675	1.657712
4.717740	1.619487
4.725804	1.669816
4.733869	1.603242
4.741933	1.656756
4.749998	1.614709
4.758062	1.601968
4.766127	1.666631
4.774191	1.629362
4.782256	1.619806
4.790320	1.675550
4.798385	1.599101
4.806449	1.659623
4.814514	1.612480
4.822578	1.639555
4.830643	1.654527
4.838708	1.596553
4.846772	1.667268
4.854837	1.593686
4.862901	1.735117
4.870966	1.607383
4.879030	1.620124
4.887095	1.616939
4.895159	1.634459
4.903224	1.630636
4.911288	1.562788
4.919353	1.641467
4.927417	1.571388
4.935482	1.662809
4.943546	1.594960
4.951611	1.687655
4.959675	1.599101
4.967740	1.667268
4.975804	1.606109
4.983869	1.671728
4.991933	1.590182

