LabVIEW Measurement	
Writer_Version	2
Reader_Version	2
Separator	Tab
Decimal_Separator	.
Multi_Headings	Yes
X_Columns	One
Time_Pref	Absolute
Operator	labuser
Date	2023/05/16
Time	11:03:49.0557100624999748063
***End_of_Header***	
	
Channels	1	
Samples	620	
Date	2023/05/16	
Time	11:03:49.0557100624999748063	
Y_Unit_Label	Volts	
X_Dimension	Time	
X0	0.0000000000000000E+0	
Delta_X	0.008065	
***End_of_Header***		
X_Value	Voltage	Comment
0.000000	1.619169
0.008065	1.620762
0.016129	1.642104
0.024194	1.622354
0.032258	1.619169
0.040323	1.618213
0.048387	1.625540
0.056452	1.624584
0.064516	1.621399
0.072581	1.630955
0.080645	1.627769
0.088710	1.630318
0.096774	1.616621
0.104839	1.619806
0.112903	1.621080
0.120968	1.626495
0.129032	1.629362
0.137097	1.624265
0.145161	1.608657
0.153226	1.625540
0.161290	1.624584
0.169355	1.618213
0.177419	1.622354
0.185484	1.624584
0.193548	1.621080
0.201613	1.633822
0.209677	1.623947
0.217742	1.632866
0.225806	1.626495
0.233871	1.632229
0.241935	1.633503
0.250000	1.629362
0.258064	1.625858
0.266129	1.624584
0.274193	1.627451
0.282258	1.633185
0.290322	1.635414
0.298387	1.633822
0.306451	1.636370
0.314516	1.627451
0.322581	1.616621
0.330645	1.624903
0.338710	1.626495
0.346774	1.631592
0.354839	1.620762
0.362903	1.613435
0.370968	1.631592
0.379032	1.629681
0.387097	1.615665
0.395161	1.625221
0.403226	1.631910
0.411290	1.629999
0.419355	1.604516
0.427419	1.622673
0.435484	1.623310
0.443548	1.626814
0.451613	1.632866
0.459677	1.622991
0.467742	1.615665
0.475806	1.620443
0.483871	1.623628
0.491935	1.624903
0.500000	1.622673
0.508064	1.620443
0.516129	1.628088
0.524193	1.636051
0.532258	1.626177
0.540322	1.629999
0.548387	1.623947
0.556451	1.619487
0.564516	1.630955
0.572580	1.621717
0.580645	1.627451
0.588709	1.623947
0.596774	1.595916
0.604838	1.616302
0.612903	1.622036
0.620967	1.632229
0.629032	1.623310
0.637096	1.617895
0.645161	1.629999
0.653226	1.620124
0.661290	1.633503
0.669355	1.615028
0.677419	1.643059
0.685484	1.630955
0.693548	1.618532
0.701613	1.620762
0.709677	1.622991
0.717742	1.630318
0.725806	1.619487
0.733871	1.616302
0.741935	1.624903
0.750000	1.628088
0.758064	1.633185
0.766129	1.622354
0.774193	1.620443
0.782258	1.626177
0.790322	1.622991
0.798387	1.624903
0.806451	1.619806
0.814516	1.629999
0.822580	1.620443
0.830645	1.621399
0.838709	1.622991
0.846774	1.619169
0.854838	1.624903
0.862903	1.634140
0.870967	1.621080
0.879032	1.624903
0.887096	1.616621
0.895161	1.624584
0.903225	1.624265
0.911290	1.623628
0.919354	1.624903
0.927419	1.622036
0.935483	1.617895
0.943548	1.628088
0.951612	1.628088
0.959677	1.627769
0.967742	1.624903
0.975806	1.629999
0.983871	1.619487
0.991935	1.622036
1.000000	1.625540
1.008064	1.626177
1.016129	1.615983
1.024193	1.628406
1.032258	1.628725
1.040322	1.623628
1.048387	1.624584
1.056451	1.630955
1.064516	1.630955
1.072580	1.629999
1.080645	1.625540
1.088709	1.643378
1.096774	1.618850
1.104838	1.622354
1.112903	1.640511
1.120967	1.633503
1.129032	1.624903
1.137096	1.602923
1.145161	1.626495
1.153225	1.622991
1.161290	1.624903
1.169354	1.618850
1.177419	1.624265
1.185483	1.636688
1.193548	1.622991
1.201612	1.621399
1.209677	1.626495
1.217741	1.627132
1.225806	1.631273
1.233870	1.630318
1.241935	1.627769
1.249999	1.633503
1.258064	1.630318
1.266128	1.628406
1.274193	1.622036
1.282257	1.602286
1.290322	1.626177
1.298387	1.619806
1.306451	1.622991
1.314516	1.629044
1.322580	1.622991
1.330645	1.624584
1.338709	1.621717
1.346774	1.637644
1.354838	1.627451
1.362903	1.621717
1.370967	1.630318
1.379032	1.623628
1.387096	1.613435
1.395161	1.626495
1.403225	1.622036
1.411290	1.624265
1.419354	1.629999
1.427419	1.629999
1.435483	1.627769
1.443548	1.620443
1.451612	1.624903
1.459677	1.620762
1.467741	1.622036
1.475806	1.627769
1.483870	1.618532
1.491935	1.626495
1.499999	1.634459
1.508064	1.627451
1.516128	1.608339
1.524193	1.622036
1.532257	1.620443
1.540322	1.605153
1.548386	1.630636
1.556451	1.617576
1.564515	1.626177
1.572580	1.625858
1.580644	1.622673
1.588709	1.610568
1.596773	1.620443
1.604838	1.635733
1.612903	1.625221
1.620967	1.629044
1.629032	1.602923
1.637096	1.622354
1.645161	1.615665
1.653225	1.627451
1.661290	1.631592
1.669354	1.624265
1.677419	1.617895
1.685483	1.621080
1.693548	1.621080
1.701612	1.623628
1.709677	1.628725
1.717741	1.628088
1.725806	1.620124
1.733870	1.626814
1.741935	1.625540
1.749999	1.623310
1.758064	1.618213
1.766128	1.622354
1.774193	1.618213
1.782257	1.623947
1.790322	1.619487
1.798386	1.621080
1.806451	1.629681
1.814515	1.626814
1.822580	1.622036
1.830644	1.626177
1.838709	1.624584
1.846773	1.623947
1.854838	1.630636
1.862902	1.624584
1.870967	1.618213
1.879031	1.622991
1.887096	1.626814
1.895160	1.635096
1.903225	1.628088
1.911289	1.617576
1.919354	1.625540
1.927418	1.626814
1.935483	1.616939
1.943548	1.629681
1.951612	1.618213
1.959677	1.626814
1.967741	1.622991
1.975806	1.613435
1.983870	1.626177
1.991935	1.632547
1.999999	1.626177
2.008064	1.624903
2.016128	1.632866
2.024193	1.630955
2.032257	1.622673
2.040322	1.627132
2.048386	1.627451
2.056451	1.633822
2.064515	1.622036
2.072580	1.626177
2.080644	1.622991
2.088709	1.629999
2.096773	1.622673
2.104838	1.627451
2.112902	1.632866
2.120967	1.621080
2.129031	1.625858
2.137096	1.625221
2.145160	1.613117
2.153225	1.637007
2.161289	1.625858
2.169354	1.615028
2.177418	1.614709
2.185483	1.629044
2.193547	1.629362
2.201612	1.630318
2.209676	1.630955
2.217741	1.626814
2.225805	1.615665
2.233870	1.638281
2.241934	1.626495
2.249999	1.602923
2.258064	1.623310
2.266128	1.624584
2.274193	1.638281
2.282257	1.626814
2.290322	1.615346
2.298386	1.621399
2.306451	1.615028
2.314515	1.626177
2.322580	1.621717
2.330644	1.625858
2.338709	1.626177
2.346773	1.624265
2.354838	1.633822
2.362902	1.620443
2.370967	1.625540
2.379031	1.629999
2.387096	1.607064
2.395160	1.619806
2.403225	1.618850
2.411289	1.625540
2.419354	1.629999
2.427418	1.626495
2.435483	1.624903
2.443547	1.628406
2.451612	1.626814
2.459676	1.616621
2.467741	1.617576
2.475805	1.613435
2.483870	1.621399
2.491934	1.627132
2.499999	1.631273
2.508063	1.627132
2.516128	1.628088
2.524192	1.625858
2.532257	1.622354
2.540321	1.644652
2.548386	1.627132
2.556450	1.626177
2.564515	1.626814
2.572579	1.626814
2.580644	1.635096
2.588709	1.630318
2.596773	1.621717
2.604838	1.622036
2.612902	1.629362
2.620967	1.613754
2.629031	1.632866
2.637096	1.629044
2.645160	1.628406
2.653225	1.625221
2.661289	1.615028
2.669354	1.622673
2.677418	1.615983
2.685483	1.621080
2.693547	1.630636
2.701612	1.620124
2.709676	1.621717
2.717741	1.628088
2.725805	1.628088
2.733870	1.637326
2.741934	1.629999
2.749999	1.623947
2.758063	1.626814
2.766128	1.617258
2.774192	1.626177
2.782257	1.621399
2.790321	1.626495
2.798386	1.631592
2.806450	1.626495
2.814515	1.626177
2.822579	1.621080
2.830644	1.630318
2.838708	1.617258
2.846773	1.623947
2.854837	1.624265
2.862902	1.606109
2.870966	1.626814
2.879031	1.623310
2.887095	1.628088
2.895160	1.601012
2.903225	1.636370
2.911289	1.630636
2.919354	1.621399
2.927418	1.632866
2.935483	1.615346
2.943547	1.626814
2.951612	1.593686
2.959676	1.607383
2.967741	1.625540
2.975805	1.624584
2.983870	1.623628
2.991934	1.618532
2.999999	1.623947
3.008063	1.622991
3.016128	1.618213
3.024192	1.627769
3.032257	1.626814
3.040321	1.629362
3.048386	1.608976
3.056450	1.617895
3.064515	1.629044
3.072579	1.624265
3.080644	1.630318
3.088708	1.619487
3.096773	1.630955
3.104837	1.624903
3.112902	1.623310
3.120966	1.582218
3.129031	1.623628
3.137095	1.624903
3.145160	1.622673
3.153224	1.616302
3.161289	1.625858
3.169353	1.608657
3.177418	1.623947
3.185482	1.620762
3.193547	1.624903
3.201611	1.619487
3.209676	1.630318
3.217740	1.624903
3.225805	1.634140
3.233870	1.629999
3.241934	1.627451
3.249999	1.631910
3.258063	1.625221
3.266128	1.586359
3.274192	1.627451
3.282257	1.628088
3.290321	1.625858
3.298386	1.617258
3.306450	1.615983
3.314515	1.619806
3.322579	1.619806
3.330644	1.622673
3.338708	1.624584
3.346773	1.587315
3.354837	1.630636
3.362902	1.628725
3.370966	1.623310
3.379031	1.624903
3.387095	1.627132
3.395160	1.625858
3.403224	1.606109
3.411289	1.627132
3.419353	1.626177
3.427418	1.618213
3.435482	1.619169
3.443547	1.629362
3.451611	1.630318
3.459676	1.631910
3.467740	1.616621
3.475805	1.627451
3.483869	1.629044
3.491934	1.629044
3.499998	1.627132
3.508063	1.627769
3.516127	1.629362
3.524192	1.625858
3.532256	1.633185
3.540321	1.625221
3.548386	1.628406
3.556450	1.617258
3.564515	1.612161
3.572579	1.630955
3.580644	1.629681
3.588708	1.630636
3.596773	1.627132
3.604837	1.602286
3.612902	1.613117
3.620966	1.625540
3.629031	1.625540
3.637095	1.575529
3.645160	1.623310
3.653224	1.626177
3.661289	1.619487
3.669353	1.632229
3.677418	1.627451
3.685482	1.623628
3.693547	1.625221
3.701611	1.626177
3.709676	1.626495
3.717740	1.620443
3.725805	1.621080
3.733869	1.626495
3.741934	1.614709
3.749998	1.622673
3.758063	1.616939
3.766127	1.636688
3.774192	1.621717
3.782256	1.618213
3.790321	1.628406
3.798385	1.627451
3.806450	1.625221
3.814514	1.619806
3.822579	1.630636
3.830643	1.619487
3.838708	1.617895
3.846772	1.622354
3.854837	1.621717
3.862901	1.624265
3.870966	1.617576
3.879031	1.615028
3.887095	1.629999
3.895160	1.630636
3.903224	1.624584
3.911289	1.626495
3.919353	1.604835
3.927418	1.616302
3.935482	1.625221
3.943547	1.622036
3.951611	1.618213
3.959676	1.625221
3.967740	1.609294
3.975805	1.635414
3.983869	1.628088
3.991934	1.631910
3.999998	1.639874
4.008063	1.625540
4.016127	1.624584
4.024192	1.615665
4.032256	1.629999
4.040321	1.621080
4.048385	1.625221
4.056450	1.599738
4.064514	1.620124
4.072579	1.613117
4.080643	1.635096
4.088708	1.625858
4.096772	1.616621
4.104837	1.628406
4.112901	1.624903
4.120966	1.586041
4.129030	1.626495
4.137095	1.622673
4.145159	1.622354
4.153224	1.624584
4.161288	1.628088
4.169353	1.630318
4.177417	1.621080
4.185482	1.631273
4.193547	1.601968
4.201611	1.628088
4.209676	1.618213
4.217740	1.622354
4.225805	1.628088
4.233869	1.594323
4.241934	1.630636
4.249998	1.620443
4.258063	1.622036
4.266127	1.628088
4.274192	1.620443
4.282256	1.623947
4.290321	1.624584
4.298385	1.625540
4.306450	1.629362
4.314514	1.626814
4.322579	1.628406
4.330643	1.620762
4.338708	1.627132
4.346772	1.619169
4.354837	1.630955
4.362901	1.629999
4.370966	1.621399
4.379030	1.621080
4.387095	1.630636
4.395159	1.642741
4.403224	1.629999
4.411288	1.630636
4.419353	1.622354
4.427417	1.616939
4.435482	1.621080
4.443546	1.626495
4.451611	1.627132
4.459675	1.604198
4.467740	1.621717
4.475804	1.624584
4.483869	1.624584
4.491933	1.620443
4.499998	1.633822
4.508062	1.619806
4.516127	1.616302
4.524192	1.619806
4.532256	1.622036
4.540321	1.641148
4.548385	1.622991
4.556450	1.626495
4.564514	1.624584
4.572579	1.635733
4.580643	1.628088
4.588708	1.622673
4.596772	1.616939
4.604837	1.608339
4.612901	1.613117
4.620966	1.629044
4.629030	1.630955
4.637095	1.631910
4.645159	1.622354
4.653224	1.618213
4.661288	1.625858
4.669353	1.621080
4.677417	1.631273
4.685482	1.622354
4.693546	1.629362
4.701611	1.633185
4.709675	1.627769
4.717740	1.625540
4.725804	1.620124
4.733869	1.629362
4.741933	1.627769
4.749998	1.616302
4.758062	1.625858
4.766127	1.623628
4.774191	1.621080
4.782256	1.628406
4.790320	1.625540
4.798385	1.615028
4.806449	1.630636
4.814514	1.621080
4.822578	1.617258
4.830643	1.624903
4.838708	1.630636
4.846772	1.622673
4.854837	1.627451
4.862901	1.624584
4.870966	1.629044
4.879030	1.622673
4.887095	1.627769
4.895159	1.622673
4.903224	1.620124
4.911288	1.610568
4.919353	1.617895
4.927417	1.621080
4.935482	1.630955
4.943546	1.620762
4.951611	1.624903
4.959675	1.620762
4.967740	1.627769
4.975804	1.614391
4.983869	1.615028
4.991933	1.622036

