LabVIEW Measurement	
Writer_Version	2
Reader_Version	2
Separator	Tab
Decimal_Separator	.
Multi_Headings	Yes
X_Columns	One
Time_Pref	Absolute
Operator	labuser
Date	2023/05/16
Time	11:09:55.0042873624994836386
***End_of_Header***	
	
Channels	1	
Samples	620	
Date	2023/05/16	
Time	11:09:55.0042873624994836386	
Y_Unit_Label	Volts	
X_Dimension	Time	
X0	0.0000000000000000E+0	
Delta_X	0.008065	
***End_of_Header***		
X_Value	Voltage	Comment
0.000000	1.612798
0.008065	1.648156
0.016129	1.608976
0.024194	1.631273
0.032258	1.625540
0.040323	1.634777
0.048387	1.645608
0.056452	1.615028
0.064516	1.654208
0.072581	1.622673
0.080645	1.663764
0.088710	1.625858
0.096774	1.655801
0.104839	1.641785
0.112903	1.621080
0.120968	1.653571
0.129032	1.621080
0.137097	1.655164
0.145161	1.622354
0.153226	1.646882
0.161290	1.626495
0.169355	1.623310
0.177419	1.654208
0.185484	1.615983
0.193548	1.646563
0.201613	1.639874
0.209677	1.636688
0.217742	1.621717
0.225806	1.639555
0.233871	1.654527
0.241935	1.610250
0.250000	1.654845
0.258064	1.610568
0.266129	1.647837
0.274193	1.629044
0.282258	1.642104
0.290322	1.638600
0.298387	1.606427
0.306451	1.649749
0.314516	1.612161
0.322581	1.634777
0.330645	1.639874
0.338710	1.633822
0.346774	1.639555
0.354839	1.637644
0.362903	1.643378
0.370968	1.610887
0.379032	1.655482
0.387097	1.589545
0.395161	1.655801
0.403226	1.616302
0.411290	1.644333
0.419355	1.628725
0.427419	1.636688
0.435484	1.639237
0.443548	1.667587
0.451613	1.611842
0.459677	1.640192
0.467742	1.642422
0.475806	1.627451
0.483871	1.656756
0.491935	1.620443
0.500000	1.649430
0.508064	1.632229
0.516129	1.645608
0.524193	1.614391
0.532258	1.662809
0.540322	1.590182
0.548387	1.676506
0.556451	1.619169
0.564516	1.638281
0.572580	1.645289
0.580645	1.623628
0.588709	1.660579
0.596774	1.619806
0.604838	1.643696
0.612903	1.643059
0.620967	1.634140
0.629032	1.627451
0.637096	1.636370
0.645161	1.645926
0.653226	1.629999
0.661290	1.643378
0.669355	1.636051
0.677419	1.632866
0.685484	1.644333
0.693548	1.631910
0.701613	1.628088
0.709677	1.627132
0.717742	1.645608
0.725806	1.623947
0.733871	1.644652
0.741935	1.618213
0.750000	1.642104
0.758064	1.638600
0.766129	1.621717
0.774193	1.655164
0.782258	1.607064
0.790322	1.656119
0.798387	1.613435
0.806451	1.658030
0.814516	1.613435
0.822580	1.666312
0.830645	1.616939
0.838709	1.655164
0.846774	1.611205
0.854838	1.649111
0.862903	1.629362
0.870967	1.652615
0.879032	1.627769
0.887096	1.622036
0.895161	1.620762
0.903225	1.639237
0.911290	1.645289
0.919354	1.620762
0.927419	1.656119
0.935483	1.625858
0.943548	1.644970
0.951612	1.643059
0.959677	1.622673
0.967742	1.663446
0.975806	1.622354
0.983871	1.651660
0.991935	1.619806
1.000000	1.658986
1.008064	1.602605
1.016129	1.662171
1.024193	1.600057
1.032258	1.664401
1.040322	1.618213
1.048387	1.653889
1.056451	1.611205
1.064516	1.634777
1.072580	1.641785
1.080645	1.649430
1.088709	1.619169
1.096774	1.658349
1.104838	1.622991
1.112903	1.641148
1.120967	1.630636
1.129032	1.666312
1.137096	1.600694
1.145161	1.665038
1.153225	1.592412
1.161290	1.671728
1.169354	1.616302
1.177419	1.634140
1.185483	1.639555
1.193548	1.637007
1.201612	1.649111
1.209677	1.623628
1.217741	1.657075
1.225806	1.630318
1.233870	1.659623
1.241935	1.612798
1.249999	1.650386
1.258064	1.633822
1.266128	1.638918
1.274193	1.647519
1.282257	1.619487
1.290322	1.661853
1.298387	1.616621
1.306451	1.652934
1.314516	1.631592
1.322580	1.646563
1.330645	1.641785
1.338709	1.625221
1.346774	1.654527
1.354838	1.629681
1.362903	1.642741
1.370967	1.645926
1.379032	1.619806
1.387096	1.641785
1.395161	1.630955
1.403225	1.633822
1.411290	1.637644
1.419354	1.646245
1.427419	1.618213
1.435483	1.653252
1.443548	1.630636
1.451612	1.636688
1.459677	1.622991
1.467741	1.648793
1.475806	1.641785
1.483870	1.644970
1.491935	1.638918
1.499999	1.640829
1.508064	1.637326
1.516128	1.646563
1.524193	1.630636
1.532257	1.651341
1.540322	1.650704
1.548386	1.612480
1.556451	1.682558
1.564515	1.601968
1.572580	1.668861
1.580644	1.604516
1.588709	1.629044
1.596773	1.638600
1.604838	1.639555
1.612903	1.639555
1.620967	1.628088
1.629032	1.642741
1.637096	1.635733
1.645161	1.654527
1.653225	1.615028
1.661290	1.672046
1.669354	1.611205
1.677419	1.650704
1.685483	1.644652
1.693548	1.633185
1.701612	1.633503
1.709677	1.651341
1.717741	1.613117
1.725806	1.667587
1.733870	1.608657
1.741935	1.662490
1.749999	1.612161
1.758064	1.662490
1.766128	1.619806
1.774193	1.633822
1.782257	1.648474
1.790322	1.631273
1.798386	1.619806
1.806451	1.655482
1.814515	1.616621
1.822580	1.665038
1.830644	1.615665
1.838709	1.663446
1.846773	1.591456
1.854838	1.665038
1.862902	1.611205
1.870967	1.663764
1.879031	1.624584
1.887096	1.662490
1.895160	1.615028
1.903225	1.667587
1.911289	1.628088
1.919354	1.639874
1.927418	1.638600
1.935483	1.629681
1.943548	1.647519
1.951612	1.652934
1.959677	1.626814
1.967741	1.666631
1.975806	1.617258
1.983870	1.658349
1.991935	1.626814
1.999999	1.633822
2.008064	1.644652
2.016128	1.614391
2.024193	1.649430
2.032257	1.618213
2.040322	1.663127
2.048386	1.624903
2.056451	1.645289
2.064515	1.630955
2.072580	1.657075
2.080644	1.627451
2.088709	1.651341
2.096773	1.620762
2.104838	1.648156
2.112902	1.638281
2.120967	1.600375
2.129031	1.680010
2.137096	1.605790
2.145160	1.659623
2.153225	1.617895
2.161289	1.633822
2.169354	1.649111
2.177418	1.613435
2.185483	1.659305
2.193547	1.620124
2.201612	1.650704
2.209676	1.647837
2.217741	1.615665
2.225805	1.666312
2.233870	1.615665
2.241934	1.663127
2.249999	1.626495
2.258064	1.650067
2.266128	1.629362
2.274193	1.657393
2.282257	1.621080
2.290322	1.661853
2.298386	1.610568
2.306451	1.676187
2.314515	1.589863
2.322580	1.680965
2.330644	1.605790
2.338709	1.639237
2.346773	1.613117
2.354838	1.644652
2.362902	1.618213
2.370967	1.630318
2.379031	1.644333
2.387096	1.617258
2.395160	1.656119
2.403225	1.621717
2.411289	1.660579
2.419354	1.607064
2.427418	1.656119
2.435483	1.621080
2.443547	1.636688
2.451612	1.639237
2.459676	1.637963
2.467741	1.642741
2.475805	1.634140
2.483870	1.643378
2.491934	1.637007
2.499999	1.654527
2.508063	1.613754
2.516128	1.665675
2.524192	1.617576
2.532257	1.656756
2.540321	1.641148
2.548386	1.613435
2.556450	1.653571
2.564515	1.627451
2.572579	1.644970
2.580644	1.645926
2.588709	1.615665
2.596773	1.655482
2.604838	1.633185
2.612902	1.625858
2.620967	1.660897
2.629031	1.623628
2.637096	1.643059
2.645160	1.642741
2.653225	1.615346
2.661289	1.651978
2.669354	1.629681
2.677418	1.650386
2.685483	1.617895
2.693547	1.668224
2.701612	1.600375
2.709676	1.660897
2.717741	1.604835
2.725805	1.676824
2.733870	1.606109
2.741934	1.657075
2.749999	1.621399
2.758063	1.638281
2.766128	1.649749
2.774192	1.622354
2.782257	1.656119
2.790321	1.629362
2.798386	1.651023
2.806450	1.623947
2.814515	1.657075
2.822579	1.620443
2.830644	1.670135
2.838708	1.612161
2.846773	1.669816
2.854837	1.620124
2.862902	1.650067
2.870966	1.621399
2.879031	1.644015
2.887095	1.645289
2.895160	1.618850
2.903225	1.648474
2.911289	1.621717
2.919354	1.650067
2.927418	1.621717
2.935483	1.649749
2.943547	1.634777
2.951612	1.637326
2.959676	1.663127
2.967741	1.606427
2.975805	1.662490
2.983870	1.633503
2.991934	1.626177
2.999999	1.659623
3.008063	1.634459
3.016128	1.642104
3.024192	1.643378
3.032257	1.617258
3.040321	1.657393
3.048386	1.630318
3.056450	1.647200
3.064515	1.634140
3.072579	1.649111
3.080644	1.646882
3.088708	1.620443
3.096773	1.653252
3.104837	1.615665
3.112902	1.655164
3.120966	1.630636
3.129031	1.632229
3.137095	1.633185
3.145160	1.655482
3.153224	1.617576
3.161289	1.654208
3.169353	1.624584
3.177418	1.652934
3.185482	1.630318
3.193547	1.658030
3.201611	1.621080
3.209676	1.651023
3.217740	1.621717
3.225805	1.666312
3.233870	1.618532
3.241934	1.618850
3.249999	1.623310
3.258063	1.621717
3.266128	1.653571
3.274192	1.618850
3.282257	1.657075
3.290321	1.636688
3.298386	1.647200
3.306450	1.633503
3.314515	1.649111
3.322579	1.625540
3.330644	1.665038
3.338708	1.633822
3.346773	1.629999
3.354837	1.651978
3.362902	1.635096
3.370966	1.658349
3.379031	1.628088
3.387095	1.623628
3.395160	1.655801
3.403224	1.628088
3.411289	1.644015
3.419353	1.633185
3.427418	1.626495
3.435482	1.657075
3.443547	1.622036
3.451611	1.657712
3.459676	1.634777
3.467740	1.604516
3.475805	1.664401
3.483869	1.612798
3.491934	1.637963
3.499998	1.641785
3.508063	1.623628
3.516127	1.638918
3.524192	1.635733
3.532256	1.642422
3.540321	1.632229
3.548386	1.668861
3.556450	1.632547
3.564515	1.665038
3.572579	1.628088
3.580644	1.640829
3.588708	1.638918
3.596773	1.624265
3.604837	1.651978
3.612902	1.632547
3.620966	1.650067
3.629031	1.617258
3.637095	1.658986
3.645160	1.608657
3.653224	1.606746
3.661289	1.628406
3.669353	1.640511
3.677418	1.619169
3.685482	1.652615
3.693547	1.630318
3.701611	1.614072
3.709676	1.656438
3.717740	1.613435
3.725805	1.669179
3.733869	1.608976
3.741934	1.656756
3.749998	1.585404
3.758063	1.597190
3.766127	1.620443
3.774192	1.628406
3.782256	1.658030
3.790321	1.625221
3.798385	1.669498
3.806450	1.623628
3.814514	1.650386
3.822579	1.638918
3.830643	1.629999
3.838708	1.651341
3.846772	1.636370
3.854837	1.641467
3.862901	1.656438
3.870966	1.642741
3.879031	1.651023
3.887095	1.625540
3.895160	1.654845
3.903224	1.611842
3.911289	1.660897
3.919353	1.617895
3.927418	1.632229
3.935482	1.639237
3.943547	1.643696
3.951611	1.613117
3.959676	1.659942
3.967740	1.631910
3.975805	1.639555
3.983869	1.630636
3.991934	1.650067
3.999998	1.604198
4.008063	1.656756
4.016127	1.627769
4.024192	1.642104
4.032256	1.626177
4.040321	1.615983
4.048385	1.651341
4.056450	1.613117
4.064514	1.672046
4.072579	1.619169
4.080643	1.656119
4.088708	1.628725
4.096772	1.648793
4.104837	1.645289
4.112901	1.622354
4.120966	1.659305
4.129030	1.619806
4.137095	1.668542
4.145159	1.613435
4.153224	1.644015
4.161288	1.615983
4.169353	1.663764
4.177417	1.615983
4.185482	1.646882
4.193547	1.631910
4.201611	1.622036
4.209676	1.653889
4.217740	1.634140
4.225805	1.635414
4.233869	1.624903
4.241934	1.641467
4.249998	1.623310
4.258063	1.655482
4.266127	1.615346
4.274192	1.644970
4.282256	1.628725
4.290321	1.665038
4.298385	1.627132
4.306450	1.555461
4.314514	1.636688
4.322579	1.615665
4.330643	1.644652
4.338708	1.624903
4.346772	1.656438
4.354837	1.645926
4.362901	1.616939
4.370966	1.662490
4.379030	1.622991
4.387095	1.643696
4.395159	1.620443
4.403224	1.660260
4.411288	1.619487
4.419353	1.651660
4.427417	1.627132
4.435482	1.632547
4.443546	1.658668
4.451611	1.620443
4.459675	1.667587
4.467740	1.596871
4.475804	1.655482
4.483869	1.647519
4.491933	1.610887
4.499998	1.630955
4.508062	1.663127
4.516127	1.620443
4.524192	1.664083
4.532256	1.614709
4.540321	1.673320
4.548385	1.611205
4.556450	1.672365
4.564514	1.614709
4.572579	1.644333
4.580643	1.626177
4.588708	1.625858
4.596772	1.646882
4.604837	1.642741
4.612901	1.653571
4.620966	1.615983
4.629030	1.659942
4.637095	1.613754
4.645159	1.667587
4.653224	1.601331
4.661288	1.668224
4.669353	1.610887
4.677417	1.636370
4.685482	1.636370
4.693546	1.651023
4.701611	1.643059
4.709675	1.630636
4.717740	1.627132
4.725804	1.644333
4.733869	1.621080
4.741933	1.635096
4.749998	1.643696
4.758062	1.616939
4.766127	1.660579
4.774191	1.611205
4.782256	1.667587
4.790320	1.602923
4.798385	1.656119
4.806449	1.614709
4.814514	1.651341
4.822578	1.610568
4.830643	1.629681
4.838708	1.641467
4.846772	1.612480
4.854837	1.662490
4.862901	1.629999
4.870966	1.635414
4.879030	1.647837
4.887095	1.613117
4.895159	1.649111
4.903224	1.633822
4.911288	1.637326
4.919353	1.649430
4.927417	1.607383
4.935482	1.661534
4.943546	1.615665
4.951611	1.645926
4.959675	1.621080
4.967740	1.649430
4.975804	1.622673
4.983869	1.644333
4.991933	1.640829

