LabVIEW Measurement	
Writer_Version	2
Reader_Version	2
Separator	Tab
Decimal_Separator	.
Multi_Headings	Yes
X_Columns	One
Time_Pref	Absolute
Operator	labuser
Date	2023/05/16
Time	10:54:48.651414562499666354
***End_of_Header***	
	
Channels	1	
Samples	620	
Date	2023/05/16	
Time	10:54:48.651414562499666354	
Y_Unit_Label	Volts	
X_Dimension	Time	
X0	0.0000000000000000E+0	
Delta_X	0.008065	
***End_of_Header***		
X_Value	Voltage	Comment
0.000000	1.620762
0.008065	1.582537
0.016129	1.640192
0.024194	1.614709
0.032258	1.617258
0.040323	1.631273
0.048387	1.586997
0.056452	1.615346
0.064516	1.617258
0.072581	1.621080
0.080645	1.654208
0.088710	1.614709
0.096774	1.611842
0.104839	1.653889
0.112903	1.613435
0.120968	1.605472
0.129032	1.605153
0.137097	1.575211
0.145161	1.649111
0.153226	1.619487
0.161290	1.592093
0.169355	1.581263
0.177419	1.615028
0.185484	1.586041
0.193548	1.634777
0.201613	1.611842
0.209677	1.641785
0.217742	1.646563
0.225806	1.590500
0.233871	1.636688
0.241935	1.629999
0.250000	1.551639
0.258064	1.664083
0.266129	1.632547
0.274193	1.576166
0.282258	1.608339
0.290322	1.617258
0.298387	1.619806
0.306451	1.618850
0.314516	1.609931
0.322581	1.603879
0.330645	1.642741
0.338710	1.544631
0.346774	1.637963
0.354839	1.625540
0.362903	1.573618
0.370968	1.585085
0.379032	1.608657
0.387097	1.592730
0.395161	1.679054
0.403226	1.617576
0.411290	1.580944
0.419355	1.563425
0.427419	1.591456
0.435484	1.620124
0.443548	1.630955
0.451613	1.589863
0.459677	1.613435
0.467742	1.624903
0.475806	1.589226
0.483871	1.601012
0.491935	1.625540
0.500000	1.588589
0.508064	1.610568
0.516129	1.610887
0.524193	1.618850
0.532258	1.636370
0.540322	1.584767
0.548387	1.632866
0.556451	1.628725
0.564516	1.564380
0.572580	1.569477
0.580645	1.618213
0.588709	1.620443
0.596774	1.652615
0.604838	1.614709
0.612903	1.627451
0.620967	1.609294
0.629032	1.615346
0.637096	1.638918
0.645161	1.650386
0.653226	1.559921
0.661290	1.598782
0.669355	1.591456
0.677419	1.572662
0.685484	1.552594
0.693548	1.612161
0.701613	1.599738
0.709677	1.625221
0.717742	1.593686
0.725806	1.614072
0.733871	1.626814
0.741935	1.588589
0.750000	1.625221
0.758064	1.620124
0.766129	1.575529
0.774193	1.619487
0.782258	1.616621
0.790322	1.618213
0.798387	1.637326
0.806451	1.582856
0.814516	1.609294
0.822580	1.623947
0.830645	1.570114
0.838709	1.641785
0.846774	1.616939
0.854838	1.605153
0.862903	1.629362
0.870967	1.610887
0.879032	1.572344
0.887096	1.628725
0.895161	1.597190
0.903225	1.614709
0.911290	1.607064
0.919354	1.551957
0.927419	1.612798
0.935483	1.626814
0.943548	1.562469
0.951612	1.661534
0.959677	1.610568
0.967742	1.574255
0.975806	1.630955
0.983871	1.621399
0.991935	1.611842
1.000000	1.630955
1.008064	1.611524
1.016129	1.615028
1.024193	1.642741
1.032258	1.599738
1.040322	1.644333
1.048387	1.627769
1.056451	1.587315
1.064516	1.633822
1.072580	1.612798
1.080645	1.603560
1.088709	1.657712
1.096774	1.616621
1.104838	1.609931
1.112903	1.651978
1.120967	1.599419
1.129032	1.625540
1.137096	1.613754
1.145161	1.594960
1.153225	1.604198
1.161290	1.627132
1.169354	1.563425
1.177419	1.565017
1.185483	1.620762
1.193548	1.590819
1.201612	1.600694
1.209677	1.617895
1.217741	1.623947
1.225806	1.627769
1.233870	1.601331
1.241935	1.604198
1.249999	1.627769
1.258064	1.584448
1.266128	1.627132
1.274193	1.633822
1.282257	1.589545
1.290322	1.633503
1.298387	1.630955
1.306451	1.604835
1.314516	1.596553
1.322580	1.623947
1.330645	1.595597
1.338709	1.640829
1.346774	1.611524
1.354838	1.610568
1.362903	1.635096
1.370967	1.572662
1.379032	1.613117
1.387096	1.604835
1.395161	1.586041
1.403225	1.631273
1.411290	1.619487
1.419354	1.575848
1.427419	1.619806
1.435483	1.621080
1.443548	1.573936
1.451612	1.574574
1.459677	1.603879
1.467741	1.600057
1.475806	1.584448
1.483870	1.577440
1.491935	1.626495
1.499999	1.635414
1.508064	1.581581
1.516128	1.648156
1.524193	1.623628
1.532257	1.625540
1.540322	1.637963
1.548386	1.603242
1.556451	1.608976
1.564515	1.611842
1.572580	1.560558
1.580644	1.641148
1.588709	1.623628
1.596773	1.570433
1.604838	1.629044
1.612903	1.614391
1.620967	1.606109
1.629032	1.649430
1.637096	1.598464
1.645161	1.603560
1.653225	1.593686
1.661290	1.576166
1.669354	1.662490
1.677419	1.621080
1.685483	1.627132
1.693548	1.623628
1.701612	1.614072
1.709677	1.604516
1.717741	1.643059
1.725806	1.604198
1.733870	1.623628
1.741935	1.638918
1.749999	1.561195
1.758064	1.607701
1.766128	1.638281
1.774193	1.599419
1.782257	1.559921
1.790322	1.609613
1.798386	1.585404
1.806451	1.638918
1.814515	1.611205
1.822580	1.607383
1.830644	1.604835
1.838709	1.578077
1.846773	1.646563
1.854838	1.633185
1.862902	1.556098
1.870967	1.642422
1.879031	1.618850
1.887096	1.598464
1.895160	1.633822
1.903225	1.604835
1.911289	1.640511
1.919354	1.631273
1.927418	1.575529
1.935483	1.643378
1.943548	1.628406
1.951612	1.590182
1.959677	1.610887
1.967741	1.599738
1.975806	1.623628
1.983870	1.628088
1.991935	1.563106
1.999999	1.603560
2.008064	1.620762
2.016128	1.566292
2.024193	1.584767
2.032257	1.614391
2.040322	1.621080
2.048386	1.622036
2.056451	1.608020
2.064515	1.649430
2.072580	1.628406
2.080644	1.591775
2.088709	1.664401
2.096773	1.605472
2.104838	1.619487
2.112902	1.647200
2.120967	1.590182
2.129031	1.596234
2.137096	1.635096
2.145160	1.568203
2.153225	1.673639
2.161289	1.613435
2.169354	1.608657
2.177418	1.635414
2.185483	1.617576
2.193547	1.633822
2.201612	1.645608
2.209676	1.567566
2.217741	1.619806
2.225805	1.578715
2.233870	1.584130
2.241934	1.648474
2.249999	1.612480
2.258064	1.586359
2.266128	1.643378
2.274193	1.598145
2.282257	1.626495
2.290322	1.634777
2.298386	1.581263
2.306451	1.629999
2.314515	1.631910
2.322580	1.567884
2.330644	1.652615
2.338709	1.615665
2.346773	1.614391
2.354838	1.638281
2.362902	1.614072
2.370967	1.629681
2.379031	1.634459
2.387096	1.557054
2.395160	1.610250
2.403225	1.596871
2.411289	1.584130
2.419354	1.662171
2.427418	1.615028
2.435483	1.619169
2.443547	1.632229
2.451612	1.579670
2.459676	1.624265
2.467741	1.633185
2.475805	1.553231
2.483870	1.660897
2.491934	1.624584
2.499999	1.601649
2.508063	1.644652
2.516128	1.611842
2.524192	1.582856
2.532257	1.633822
2.540321	1.606427
2.548386	1.631273
2.556450	1.621080
2.564515	1.573936
2.572579	1.678735
2.580644	1.617895
2.588709	1.626177
2.596773	1.643696
2.604838	1.576485
2.612902	1.627132
2.620967	1.626177
2.629031	1.584767
2.637096	1.668861
2.645160	1.621717
2.653225	1.585085
2.661289	1.643059
2.669354	1.605790
2.677418	1.613754
2.685483	1.614072
2.693547	1.589863
2.701612	1.667905
2.709676	1.618850
2.717741	1.619487
2.725805	1.653252
2.733870	1.615346
2.741934	1.609613
2.749999	1.615665
2.758063	1.539534
2.766128	1.621717
2.774192	1.618213
2.782257	1.578715
2.790321	1.638600
2.798386	1.617258
2.806450	1.576166
2.814515	1.637644
2.822579	1.603879
2.830644	1.616939
2.838708	1.624903
2.846773	1.575211
2.854837	1.602605
2.862902	1.627451
2.870966	1.586041
2.879031	1.579670
2.887095	1.614709
2.895160	1.601012
2.903225	1.589545
2.911289	1.612480
2.919354	1.632229
2.927418	1.628725
2.935483	1.581263
2.943547	1.617576
2.951612	1.614391
2.959676	1.611205
2.967741	1.638281
2.975805	1.599101
2.983870	1.606746
2.991934	1.625221
2.999999	1.566929
3.008063	1.671409
3.016128	1.621399
3.024192	1.579352
3.032257	1.603242
3.040321	1.608339
3.048386	1.609613
3.056450	1.623628
3.064515	1.547498
3.072579	1.623310
3.080644	1.613117
3.088708	1.580307
3.096773	1.623628
3.104837	1.602605
3.112902	1.618850
3.120966	1.623947
3.129031	1.573299
3.137095	1.605790
3.145160	1.616621
3.153224	1.610887
3.161289	1.610887
3.169353	1.611524
3.177418	1.610887
3.185482	1.633185
3.193547	1.568840
3.201611	1.560239
3.209676	1.573936
3.217740	1.583493
3.225805	1.665994
3.233870	1.607701
3.241934	1.609931
3.249999	1.626814
3.258063	1.583811
3.266128	1.635414
3.274192	1.630318
3.282257	1.580626
3.290321	1.597827
3.298386	1.615665
3.306450	1.590182
3.314515	1.634777
3.322579	1.599738
3.330644	1.634777
3.338708	1.594323
3.346773	1.571070
3.354837	1.659305
3.362902	1.620762
3.370966	1.584448
3.379031	1.615028
3.387095	1.588589
3.395160	1.641148
3.403224	1.629362
3.411289	1.571070
3.419353	1.629044
3.427418	1.617895
3.435482	1.639237
3.443547	1.620762
3.451611	1.596234
3.459676	1.613435
3.467740	1.618213
3.475805	1.567884
3.483869	1.644333
3.491934	1.615346
3.499998	1.618532
3.508063	1.634140
3.516127	1.624903
3.524192	1.633185
3.532256	1.629999
3.540321	1.576166
3.548386	1.629362
3.556450	1.622036
3.564515	1.573936
3.572579	1.650704
3.580644	1.591456
3.588708	1.610250
3.596773	1.623947
3.604837	1.571388
3.612902	1.610887
3.620966	1.622354
3.629031	1.573936
3.637095	1.665994
3.645160	1.601331
3.653224	1.616939
3.661289	1.624584
3.669353	1.577759
3.677418	1.632547
3.685482	1.621717
3.693547	1.602605
3.701611	1.633503
3.709676	1.612798
3.717740	1.620443
3.725805	1.619487
3.733869	1.592412
3.741934	1.622991
3.749998	1.625540
3.758063	1.618532
3.766127	1.650704
3.774192	1.608657
3.782256	1.634459
3.790321	1.645289
3.798385	1.599419
3.806450	1.594004
3.814514	1.646882
3.822579	1.573299
3.830643	1.626814
3.838708	1.614709
3.846772	1.602923
3.854837	1.629681
3.862901	1.601968
3.870966	1.598464
3.879031	1.639874
3.887095	1.618850
3.895160	1.626814
3.903224	1.618213
3.911289	1.569795
3.919353	1.649430
3.927418	1.607064
3.935482	1.601968
3.943547	1.592730
3.951611	1.584130
3.959676	1.638600
3.967740	1.624903
3.975805	1.585722
3.983869	1.591138
3.991934	1.621717
3.999998	1.613117
4.008063	1.642422
4.016127	1.609613
4.024192	1.612161
4.032256	1.636688
4.040321	1.573936
4.048385	1.621717
4.056450	1.628088
4.064514	1.543357
4.072579	1.670772
4.080643	1.615346
4.088708	1.599738
4.096772	1.630318
4.104837	1.615346
4.112901	1.628088
4.120966	1.607064
4.129030	1.572025
4.137095	1.653889
4.145159	1.614391
4.153224	1.579033
4.161288	1.613117
4.169353	1.598464
4.177417	1.606746
4.185482	1.628406
4.193547	1.585404
4.201611	1.589545
4.209676	1.614391
4.217740	1.589863
4.225805	1.656756
4.233869	1.598782
4.241934	1.618850
4.249998	1.634140
4.258063	1.591138
4.266127	1.616302
4.274192	1.619806
4.282256	1.567247
4.290321	1.597827
4.298385	1.625858
4.306450	1.604198
4.314514	1.655164
4.322579	1.596553
4.330643	1.620443
4.338708	1.611524
4.346772	1.603560
4.354837	1.613435
4.362901	1.604835
4.370966	1.571707
4.379030	1.595916
4.387095	1.593049
4.395159	1.627769
4.403224	1.613117
4.411288	1.616302
4.419353	1.608657
4.427417	1.612480
4.435482	1.592730
4.443546	1.596553
4.451611	1.615028
4.459675	1.539534
4.467740	1.621080
4.475804	1.622354
4.483869	1.569795
4.491933	1.667587
4.499998	1.613435
4.508062	1.580944
4.516127	1.664083
4.524192	1.631273
4.532256	1.625221
4.540321	1.629999
4.548385	1.571388
4.556450	1.609294
4.564514	1.624584
4.572579	1.632547
4.580643	1.634140
4.588708	1.615983
4.596772	1.585404
4.604837	1.643696
4.612901	1.583174
4.620966	1.638600
4.629030	1.622036
4.637095	1.579670
4.645159	1.628406
4.653224	1.557372
4.661288	1.586997
4.669353	1.646882
4.677417	1.620124
4.685482	1.626177
4.693546	1.633503
4.701611	1.612161
4.709675	1.603879
4.717740	1.629044
4.725804	1.581581
4.733869	1.601012
4.741933	1.628406
4.749998	1.569158
4.758062	1.662171
4.766127	1.615346
4.774191	1.602286
4.782256	1.597508
4.790320	1.606746
4.798385	1.579989
4.806449	1.626814
4.814514	1.601968
4.822578	1.588589
4.830643	1.637326
4.838708	1.598782
4.846772	1.619487
4.854837	1.624903
4.862901	1.586997
4.870966	1.629681
4.879030	1.617258
4.887095	1.579033
4.895159	1.621717
4.903224	1.615028
4.911288	1.582218
4.919353	1.628088
4.927417	1.608020
4.935482	1.606746
4.943546	1.623310
4.951611	1.582856
4.959675	1.591775
4.967740	1.620124
4.975804	1.591456
4.983869	1.631910
4.991933	1.631910

