LabVIEW Measurement	
Writer_Version	2
Reader_Version	2
Separator	Tab
Decimal_Separator	.
Multi_Headings	Yes
X_Columns	One
Time_Pref	Absolute
Operator	labuser
Date	2023/05/16
Time	11:11:34.7642561624996079253
***End_of_Header***	
	
Channels	1	
Samples	620	
Date	2023/05/16	
Time	11:11:34.7642561624996079253	
Y_Unit_Label	Volts	
X_Dimension	Time	
X0	0.0000000000000000E+0	
Delta_X	0.008065	
***End_of_Header***		
X_Value	Voltage	Comment
0.000000	1.627451
0.008065	1.570433
0.016129	1.541446
0.024194	1.651660
0.032258	1.610887
0.040323	1.603560
0.048387	1.630955
0.056452	1.619806
0.064516	1.626814
0.072581	1.501310
0.080645	1.678417
0.088710	1.569477
0.096774	1.470412
0.104839	1.578077
0.112903	1.586359
0.120968	1.588908
0.129032	1.683195
0.137097	1.612161
0.145161	1.669179
0.153226	1.588908
0.161290	1.527111
0.169355	1.668224
0.177419	1.581263
0.185484	1.651660
0.193548	1.601331
0.201613	1.613117
0.209677	1.608339
0.217742	1.610887
0.225806	1.626814
0.233871	1.611205
0.241935	1.611842
0.250000	1.528386
0.258064	1.670772
0.266129	1.566929
0.274193	1.673320
0.282258	1.599419
0.290322	1.654845
0.298387	1.633503
0.306451	1.624584
0.314516	1.587952
0.322581	1.634777
0.330645	1.677143
0.338710	1.616302
0.346774	1.547816
0.354839	1.659942
0.362903	1.591456
0.370968	1.629681
0.379032	1.606427
0.387097	1.642422
0.395161	1.535712
0.403226	1.647519
0.411290	1.595597
0.419355	1.598145
0.427419	1.613435
0.435484	1.593049
0.443548	1.678417
0.451613	1.619169
0.459677	1.670135
0.467742	1.607383
0.475806	1.646245
0.483871	1.639555
0.491935	1.578396
0.500000	1.694662
0.508064	1.578715
0.516129	1.695299
0.524193	1.566610
0.532258	1.629044
0.540322	1.384088
0.548387	1.689566
0.556451	1.631592
0.564516	1.489842
0.572580	1.608657
0.580645	1.531571
0.588709	1.637963
0.596774	1.602286
0.604838	1.661216
0.612903	1.437602
0.620967	1.650067
0.629032	1.556735
0.637096	1.643059
0.645161	1.598782
0.653226	1.574892
0.661290	1.658030
0.669355	1.526474
0.677419	1.671091
0.685484	1.571707
0.693548	1.599738
0.701613	1.580307
0.709677	1.604516
0.717742	1.528067
0.725806	1.637326
0.733871	1.605153
0.741935	1.673639
0.750000	1.612798
0.758064	1.623947
0.766129	1.603560
0.774193	1.604835
0.782258	1.562151
0.790322	1.662809
0.798387	1.500036
0.806451	1.686062
0.814516	1.571707
0.822580	1.683832
0.830645	1.613435
0.838709	1.581263
0.846774	1.612798
0.854838	1.552276
0.862903	1.679373
0.870967	1.582218
0.879032	1.631910
0.887096	1.641148
0.895161	1.659942
0.903225	1.571388
0.911290	1.679054
0.919354	1.639874
0.927419	1.629681
0.935483	1.654845
0.943548	1.523607
0.951612	1.700078
0.959677	1.557372
0.967742	1.684788
0.975806	1.538897
0.983871	1.613435
0.991935	1.565654
1.000000	1.671409
1.008064	1.443336
1.016129	1.705493
1.024193	1.565336
1.032258	1.690521
1.040322	1.598145
1.048387	1.594004
1.056451	1.571707
1.064516	1.613435
1.072580	1.641467
1.080645	1.651023
1.088709	1.556098
1.096774	1.687336
1.104838	1.623310
1.112903	1.557054
1.120967	1.667905
1.129032	1.507681
1.137096	1.662171
1.145161	1.589226
1.153225	1.673639
1.161290	1.557054
1.169354	1.727790
1.177419	1.574892
1.185483	1.664401
1.193548	1.576803
1.201612	1.599419
1.209677	1.513096
1.217741	1.653571
1.225806	1.505451
1.233870	1.605472
1.241935	1.577759
1.249999	1.686062
1.258064	1.612161
1.266128	1.602923
1.274193	1.615983
1.282257	1.558647
1.290322	1.666950
1.298387	1.622036
1.306451	1.663446
1.314516	1.590819
1.322580	1.716004
1.330645	1.572025
1.338709	1.527430
1.346774	1.662490
1.354838	1.614072
1.362903	1.639874
1.370967	1.630955
1.379032	1.608339
1.387096	1.558010
1.395161	1.589545
1.403225	1.690203
1.411290	1.627451
1.419354	1.629681
1.427419	1.682876
1.435483	1.577440
1.443548	1.646563
1.451612	1.622036
1.459677	1.611842
1.467741	1.638600
1.475806	1.624903
1.483870	1.663446
1.491935	1.453848
1.499999	1.671409
1.508064	1.463722
1.516128	1.698485
1.524193	1.519466
1.532257	1.662171
1.540322	1.540171
1.548386	1.681602
1.556451	1.557054
1.564515	1.664401
1.572580	1.578077
1.580644	1.689566
1.588709	1.627451
1.596773	1.574892
1.604838	1.615983
1.612903	1.580626
1.620967	1.633822
1.629032	1.613435
1.637096	1.614709
1.645161	1.676506
1.653225	1.580307
1.661290	1.615983
1.669354	1.650067
1.677419	1.573299
1.685483	1.619169
1.693548	1.638918
1.701612	1.605472
1.709677	1.634459
1.717741	1.605472
1.725806	1.578715
1.733870	1.616621
1.741935	1.618850
1.749999	1.456396
1.758064	1.671409
1.766128	1.565336
1.774193	1.672365
1.782257	1.625221
1.790322	1.646882
1.798386	1.598145
1.806451	1.664083
1.814515	1.654208
1.822580	1.570114
1.830644	1.676187
1.838709	1.558010
1.846773	1.623628
1.854838	1.562151
1.862902	1.681602
1.870967	1.395874
1.879031	1.629362
1.887096	1.634777
1.895160	1.656438
1.903225	1.565336
1.911289	1.600694
1.919354	1.609294
1.927418	1.631273
1.935483	1.658030
1.943548	1.665675
1.951612	1.613754
1.959677	1.675232
1.967741	1.433143
1.975806	1.727472
1.983870	1.586997
1.991935	1.704537
1.999999	1.407341
2.008064	1.633503
2.016128	1.604516
2.024193	1.590182
2.032257	1.604835
2.040322	1.605790
2.048386	1.618532
2.056451	1.592093
2.064515	1.631273
2.072580	1.554506
2.080644	1.663764
2.088709	1.583174
2.096773	1.661534
2.104838	1.587952
2.112902	1.646882
2.120967	1.603560
2.129031	1.554506
2.137096	1.625858
2.145160	1.586997
2.153225	1.720464
2.161289	1.612798
2.169354	1.653252
2.177418	1.599738
2.185483	1.640829
2.193547	1.629999
2.201612	1.666312
2.209676	1.500036
2.217741	1.575848
2.225805	1.614709
2.233870	1.638918
2.241934	1.628725
2.249999	1.600694
2.258064	1.450981
2.266128	1.613754
2.274193	1.556735
2.282257	1.610568
2.290322	1.585085
2.298386	1.627132
2.306451	1.598145
2.314515	1.660897
2.322580	1.616302
2.330644	1.623310
2.338709	1.570751
2.346773	1.605472
2.354838	1.594960
2.362902	1.647519
2.370967	1.632229
2.379031	1.671728
2.387096	1.642104
2.395160	1.653252
2.403225	1.622036
2.411289	1.636688
2.419354	1.539853
2.427418	1.631910
2.435483	1.579670
2.443547	1.661853
2.451612	1.578077
2.459676	1.680328
2.467741	1.646563
2.475805	1.595279
2.483870	1.657393
2.491934	1.580944
2.499999	1.660579
2.508063	1.619806
2.516128	1.615665
2.524192	1.665994
2.532257	1.543357
2.540321	1.609931
2.548386	1.615028
2.556450	1.602286
2.564515	1.621080
2.572579	1.481879
2.580644	1.668861
2.588709	1.550046
2.596773	1.579352
2.604838	1.603879
2.612902	1.571707
2.620967	1.660260
2.629031	1.641467
2.637096	1.589545
2.645160	1.600057
2.653225	1.615346
2.661289	1.533164
2.669354	1.648474
2.677418	1.414030
2.685483	1.568203
2.693547	1.595916
2.701612	1.634140
2.709676	1.580626
2.717741	1.665675
2.725805	1.592412
2.733870	1.535393
2.741934	1.616302
2.749999	1.634140
2.758063	1.616302
2.766128	1.614709
2.774192	1.639874
2.782257	1.661853
2.790321	1.442062
2.798386	1.635414
2.806450	1.467226
2.814515	1.675550
2.822579	1.600057
2.830644	1.686062
2.838708	1.563743
2.846773	1.606746
2.854837	1.640511
2.862902	1.579670
2.870966	1.667905
2.879031	1.588271
2.887095	1.482835
2.895160	1.605153
2.903225	1.627451
2.911289	1.676506
2.919354	1.600694
2.927418	1.650067
2.935483	1.580944
2.943547	1.618850
2.951612	1.479968
2.959676	1.610250
2.967741	1.651978
2.975805	1.593049
2.983870	1.690521
2.991934	1.639555
2.999999	1.564380
3.008063	1.692114
3.016128	1.615028
3.024192	1.748495
3.032257	1.515325
3.040321	1.702944
3.048386	1.583174
3.056450	1.624265
3.064515	1.584767
3.072579	1.624584
3.080644	1.667268
3.088708	1.570751
3.096773	1.637963
3.104837	1.571707
3.112902	1.687336
3.120966	1.566292
3.129031	1.654527
3.137095	1.470730
3.145160	1.694981
3.153224	1.619487
3.161289	1.628725
3.169353	1.595916
3.177418	1.599419
3.185482	1.585085
3.193547	1.511503
3.201611	1.599738
3.209676	1.598782
3.217740	1.583493
3.225805	1.577440
3.233870	1.584448
3.241934	1.709315
3.249999	1.567884
3.258063	1.640829
3.266128	1.574255
3.274192	1.589863
3.282257	1.674276
3.290321	1.568840
3.298386	1.631592
3.306450	1.600694
3.314515	1.625540
3.322579	1.640829
3.330644	1.637644
3.338708	1.624584
3.346773	1.635096
3.354837	1.649430
3.362902	1.618850
3.370966	1.615665
3.379031	1.609613
3.387095	1.613754
3.395160	1.615665
3.403224	1.615983
3.411289	1.595916
3.419353	1.614709
3.427418	1.677143
3.435482	1.584767
3.443547	1.684151
3.451611	1.572981
3.459676	1.649430
3.467740	1.642741
3.475805	1.457352
3.483869	1.643378
3.491934	1.512459
3.499998	1.675869
3.508063	1.583174
3.516127	1.610887
3.524192	1.628406
3.532256	1.444291
3.540321	1.657712
3.548386	1.602923
3.556450	1.693070
3.564515	1.637963
3.572579	1.688292
3.580644	1.570751
3.588708	1.676506
3.596773	1.585722
3.604837	1.577122
3.612902	1.629999
3.620966	1.597190
3.629031	1.668224
3.637095	1.624265
3.645160	1.628088
3.653224	1.513733
3.661289	1.697211
3.669353	1.555143
3.677418	1.581900
3.685482	1.612480
3.693547	1.605153
3.701611	1.643696
3.709676	1.571388
3.717740	1.659942
3.725805	1.534756
3.733869	1.606109
3.741934	1.603560
3.749998	1.625221
3.758063	1.586041
3.766127	1.562151
3.774192	1.572025
3.782256	1.605153
3.790321	1.583811
3.798385	1.574255
3.806450	1.643378
3.814514	1.568203
3.822579	1.654208
3.830643	1.541446
3.838708	1.670772
3.846772	1.559284
3.854837	1.682558
3.862901	1.582537
3.870966	1.673639
3.879031	1.551957
3.887095	1.626814
3.895160	1.577759
3.903224	1.555143
3.911289	1.655801
3.919353	1.662171
3.927418	1.584767
3.935482	1.675869
3.943547	1.508636
3.951611	1.677461
3.959676	1.570114
3.967740	1.713456
3.975805	1.503540
3.983869	1.635733
3.991934	1.579033
3.999998	1.588908
4.008063	1.629362
4.016127	1.512459
4.024192	1.679054
4.032256	1.603879
4.040321	1.701352
4.048385	1.538579
4.056450	1.655801
4.064514	1.583493
4.072579	1.592093
4.080643	1.600057
4.088708	1.492709
4.096772	1.683514
4.104837	1.578077
4.112901	1.756140
4.120966	1.580944
4.129030	1.647837
4.137095	1.637007
4.145159	1.573618
4.153224	1.637644
4.161288	1.633503
4.169353	1.657712
4.177417	1.528704
4.185482	1.684151
4.193547	1.575529
4.201611	1.589545
4.209676	1.602605
4.217740	1.556098
4.225805	1.614709
4.233869	1.532845
4.241934	1.627132
4.249998	1.631910
4.258063	1.629999
4.266127	1.613435
4.274192	1.667268
4.282256	1.571070
4.290321	1.726835
4.298385	1.555461
4.306450	1.646882
4.314514	1.590819
4.322579	1.590500
4.330643	1.652297
4.338708	1.565973
4.346772	1.606427
4.354837	1.613117
4.362901	1.632229
4.370966	1.557372
4.379030	1.702626
4.387095	1.597190
4.395159	1.574574
4.403224	1.670135
4.411288	1.598464
4.419353	1.528704
4.427417	1.684151
4.435482	1.546224
4.443546	1.653889
4.451611	1.491117
4.459675	1.586997
4.467740	1.585085
4.475804	1.616302
4.483869	1.562469
4.491933	1.642422
4.499998	1.491435
4.508062	1.702944
4.516127	1.480923
4.524192	1.705811
4.532256	1.566292
4.540321	1.586359
4.548385	1.605790
4.556450	1.674276
4.564514	1.621717
4.572579	1.641467
4.580643	1.642422
4.588708	1.566929
4.596772	1.617258
4.604837	1.580944
4.612901	1.674913
4.620966	1.528386
4.629030	1.697848
4.637095	1.551639
4.645159	1.697848
4.653224	1.548453
4.661288	1.686062
4.669353	1.565973
4.677417	1.607064
4.685482	1.583493
4.693546	1.464041
4.701611	1.611842
4.709675	1.623310
4.717740	1.696255
4.725804	1.569795
4.733869	1.643696
4.741933	1.667905
4.749998	1.579989
4.758062	1.693388
4.766127	1.592412
4.774191	1.504495
4.782256	1.653889
4.790320	1.620762
4.798385	1.618850
4.806449	1.608657
4.814514	1.681284
4.822578	1.641148
4.830643	1.687655
4.838708	1.402882
4.846772	1.576166
4.854837	1.590182
4.862901	1.586041
4.870966	1.612798
4.879030	1.588271
4.887095	1.647519
4.895159	1.606427
4.903224	1.657075
4.911288	1.615665
4.919353	1.624584
4.927417	1.603242
4.935482	1.580944
4.943546	1.606109
4.951611	1.563425
4.959675	1.648474
4.967740	1.575529
4.975804	1.635414
4.983869	1.561513
4.991933	1.635096

