LabVIEW Measurement	
Writer_Version	2
Reader_Version	2
Separator	Tab
Decimal_Separator	.
Multi_Headings	Yes
X_Columns	One
Time_Pref	Absolute
Operator	labuser
Date	2023/05/16
Time	11:06:43.8406752624995683559
***End_of_Header***	
	
Channels	1	
Samples	620	
Date	2023/05/16	
Time	11:06:43.8406752624995683559	
Y_Unit_Label	Volts	
X_Dimension	Time	
X0	0.0000000000000000E+0	
Delta_X	0.008065	
***End_of_Header***		
X_Value	Voltage	Comment
0.000000	1.632229
0.008065	1.631592
0.016129	1.628406
0.024194	1.631273
0.032258	1.631273
0.040323	1.633503
0.048387	1.630318
0.056452	1.631273
0.064516	1.628406
0.072581	1.631592
0.080645	1.630955
0.088710	1.634140
0.096774	1.631273
0.104839	1.632866
0.112903	1.629362
0.120968	1.632547
0.129032	1.631592
0.137097	1.633503
0.145161	1.630636
0.153226	1.632547
0.161290	1.628725
0.169355	1.631273
0.177419	1.630955
0.185484	1.633822
0.193548	1.630636
0.201613	1.630955
0.209677	1.628725
0.217742	1.631273
0.225806	1.631273
0.233871	1.633822
0.241935	1.631273
0.250000	1.630955
0.258064	1.628725
0.266129	1.629999
0.274193	1.631273
0.282258	1.632547
0.290322	1.631592
0.298387	1.630318
0.306451	1.629044
0.314516	1.630636
0.322581	1.630955
0.330645	1.634140
0.338710	1.630955
0.346774	1.631592
0.354839	1.629362
0.362903	1.631910
0.370968	1.631910
0.379032	1.633822
0.387097	1.631910
0.395161	1.631273
0.403226	1.629681
0.411290	1.632229
0.419355	1.632229
0.427419	1.633185
0.435484	1.630318
0.443548	1.631592
0.451613	1.628725
0.459677	1.631273
0.467742	1.632229
0.475806	1.633503
0.483871	1.630955
0.491935	1.630955
0.500000	1.628088
0.508064	1.630636
0.516129	1.630636
0.524193	1.633503
0.532258	1.630955
0.540322	1.631592
0.548387	1.628725
0.556451	1.630636
0.564516	1.630318
0.572580	1.633503
0.580645	1.629681
0.588709	1.631592
0.596774	1.628088
0.604838	1.631910
0.612903	1.630955
0.620967	1.634140
0.629032	1.630318
0.637096	1.630955
0.645161	1.628406
0.653226	1.631910
0.661290	1.629999
0.669355	1.633185
0.677419	1.629681
0.685484	1.629999
0.693548	1.628088
0.701613	1.631273
0.709677	1.631592
0.717742	1.633503
0.725806	1.629999
0.733871	1.630955
0.741935	1.627132
0.750000	1.630955
0.758064	1.629362
0.766129	1.632866
0.774193	1.630636
0.782258	1.632547
0.790322	1.628406
0.798387	1.631273
0.806451	1.630636
0.814516	1.632866
0.822580	1.629999
0.830645	1.631910
0.838709	1.626814
0.846774	1.630318
0.854838	1.630955
0.862903	1.633185
0.870967	1.630318
0.879032	1.630955
0.887096	1.628725
0.895161	1.630955
0.903225	1.631592
0.911290	1.633503
0.919354	1.629999
0.927419	1.631273
0.935483	1.627769
0.943548	1.631273
0.951612	1.630955
0.959677	1.633185
0.967742	1.629999
0.975806	1.630318
0.983871	1.628406
0.991935	1.631273
1.000000	1.629362
1.008064	1.630955
1.016129	1.629362
1.024193	1.629681
1.032258	1.630318
1.040322	1.630955
1.048387	1.632229
1.056451	1.629681
1.064516	1.630318
1.072580	1.627451
1.080645	1.630318
1.088709	1.630636
1.096774	1.632866
1.104838	1.630318
1.112903	1.629999
1.120967	1.628088
1.129032	1.629999
1.137096	1.630318
1.145161	1.632229
1.153225	1.629681
1.161290	1.630636
1.169354	1.628088
1.177419	1.631273
1.185483	1.630636
1.193548	1.633503
1.201612	1.629681
1.209677	1.630955
1.217741	1.628088
1.225806	1.630636
1.233870	1.629681
1.241935	1.632547
1.249999	1.629999
1.258064	1.630636
1.266128	1.628088
1.274193	1.631273
1.282257	1.629999
1.290322	1.632866
1.298387	1.629362
1.306451	1.630955
1.314516	1.627132
1.322580	1.631592
1.330645	1.630318
1.338709	1.631592
1.346774	1.630318
1.354838	1.631273
1.362903	1.629999
1.370967	1.631273
1.379032	1.630955
1.387096	1.632547
1.395161	1.630955
1.403225	1.630955
1.411290	1.630636
1.419354	1.631273
1.427419	1.632229
1.435483	1.631273
1.443548	1.629999
1.451612	1.629999
1.459677	1.629999
1.467741	1.630955
1.475806	1.633185
1.483870	1.629681
1.491935	1.630636
1.499999	1.627451
1.508064	1.630955
1.516128	1.629999
1.524193	1.632866
1.532257	1.628088
1.540322	1.629999
1.548386	1.629681
1.556451	1.630318
1.564515	1.632229
1.572580	1.629999
1.580644	1.630636
1.588709	1.628088
1.596773	1.629681
1.604838	1.630636
1.612903	1.632229
1.620967	1.629044
1.629032	1.629362
1.637096	1.630636
1.645161	1.631592
1.653225	1.631910
1.661290	1.630318
1.669354	1.630318
1.677419	1.627132
1.685483	1.630955
1.693548	1.628725
1.701612	1.632547
1.709677	1.629362
1.717741	1.630955
1.725806	1.627769
1.733870	1.631273
1.741935	1.629681
1.749999	1.632229
1.758064	1.629681
1.766128	1.630318
1.774193	1.629362
1.782257	1.630318
1.790322	1.632866
1.798386	1.629044
1.806451	1.630318
1.814515	1.627451
1.822580	1.630318
1.830644	1.630318
1.838709	1.633503
1.846773	1.629999
1.854838	1.631273
1.862902	1.626814
1.870967	1.630636
1.879031	1.629999
1.887096	1.633503
1.895160	1.629681
1.903225	1.632229
1.911289	1.630318
1.919354	1.631592
1.927418	1.632229
1.935483	1.630318
1.943548	1.629999
1.951612	1.628725
1.959677	1.629681
1.967741	1.631273
1.975806	1.631592
1.983870	1.629999
1.991935	1.629999
1.999999	1.629999
2.008064	1.629681
2.016128	1.631273
2.024193	1.630955
2.032257	1.631592
2.040322	1.629362
2.048386	1.629681
2.056451	1.629044
2.064515	1.630636
2.072580	1.631273
2.080644	1.630636
2.088709	1.629362
2.096773	1.629362
2.104838	1.629681
2.112902	1.629999
2.120967	1.632547
2.129031	1.629681
2.137096	1.630955
2.145160	1.627451
2.153225	1.629999
2.161289	1.629681
2.169354	1.632547
2.177418	1.628725
2.185483	1.629999
2.193547	1.627769
2.201612	1.631273
2.209676	1.629362
2.217741	1.632229
2.225805	1.629362
2.233870	1.630318
2.241934	1.629681
2.249999	1.630636
2.258064	1.631273
2.266128	1.630318
2.274193	1.629044
2.282257	1.628725
2.290322	1.630636
2.298386	1.629999
2.306451	1.630636
2.314515	1.629999
2.322580	1.628725
2.330644	1.629044
2.338709	1.629362
2.346773	1.629999
2.354838	1.630318
2.362902	1.630955
2.370967	1.629044
2.379031	1.629362
2.387096	1.628088
2.395160	1.630955
2.403225	1.629999
2.411289	1.631273
2.419354	1.628406
2.427418	1.629681
2.435483	1.627451
2.443547	1.630318
2.451612	1.629044
2.459676	1.631273
2.467741	1.629362
2.475805	1.630955
2.483870	1.628406
2.491934	1.630318
2.499999	1.628406
2.508063	1.631273
2.516128	1.627769
2.524192	1.629681
2.532257	1.627451
2.540321	1.630318
2.548386	1.629681
2.556450	1.629999
2.564515	1.630318
2.572579	1.629362
2.580644	1.628406
2.588709	1.629681
2.596773	1.629362
2.604838	1.629681
2.612902	1.628406
2.620967	1.629999
2.629031	1.628406
2.637096	1.631273
2.645160	1.629681
2.653225	1.629044
2.661289	1.628725
2.669354	1.627132
2.677418	1.629044
2.685483	1.629044
2.693547	1.632547
2.701612	1.629362
2.709676	1.630636
2.717741	1.628406
2.725805	1.629999
2.733870	1.629681
2.741934	1.632229
2.749999	1.629362
2.758063	1.629681
2.766128	1.626177
2.774192	1.629999
2.782257	1.628725
2.790321	1.632547
2.798386	1.629044
2.806450	1.629681
2.814515	1.627132
2.822579	1.630318
2.830644	1.628406
2.838708	1.631592
2.846773	1.628088
2.854837	1.629681
2.862902	1.629044
2.870966	1.630636
2.879031	1.630636
2.887095	1.630955
2.895160	1.629044
2.903225	1.628406
2.911289	1.629044
2.919354	1.629999
2.927418	1.630955
2.935483	1.628725
2.943547	1.629681
2.951612	1.627769
2.959676	1.629681
2.967741	1.629681
2.975805	1.631273
2.983870	1.628406
2.991934	1.629044
2.999999	1.627132
3.008063	1.629999
3.016128	1.629044
3.024192	1.632547
3.032257	1.628725
3.040321	1.630318
3.048386	1.626814
3.056450	1.629999
3.064515	1.628406
3.072579	1.632866
3.080644	1.628725
3.088708	1.630636
3.096773	1.627132
3.104837	1.630318
3.112902	1.629044
3.120966	1.632866
3.129031	1.629681
3.137095	1.630636
3.145160	1.627132
3.153224	1.630318
3.161289	1.629999
3.169353	1.632229
3.177418	1.630318
3.185482	1.630955
3.193547	1.628406
3.201611	1.631910
3.209676	1.630318
3.217740	1.630955
3.225805	1.629362
3.233870	1.630318
3.241934	1.628725
3.249999	1.631592
3.258063	1.631592
3.266128	1.630955
3.274192	1.630318
3.282257	1.628088
3.290321	1.629362
3.298386	1.629999
3.306450	1.633822
3.314515	1.629999
3.322579	1.630318
3.330644	1.626814
3.338708	1.631273
3.346773	1.629681
3.354837	1.633503
3.362902	1.629362
3.370966	1.631273
3.379031	1.627132
3.387095	1.630636
3.395160	1.630955
3.403224	1.631273
3.411289	1.629999
3.419353	1.630636
3.427418	1.629044
3.435482	1.630955
3.443547	1.631273
3.451611	1.630318
3.459676	1.630318
3.467740	1.628088
3.475805	1.630318
3.483869	1.629999
3.491934	1.633185
3.499998	1.629362
3.508063	1.631910
3.516127	1.628088
3.524192	1.630636
3.532256	1.629999
3.540321	1.633503
3.548386	1.628406
3.556450	1.629999
3.564515	1.627132
3.572579	1.630955
3.580644	1.629999
3.588708	1.632866
3.596773	1.629362
3.604837	1.632547
3.612902	1.628406
3.620966	1.630955
3.629031	1.629362
3.637095	1.632229
3.645160	1.629999
3.653224	1.630636
3.661289	1.627769
3.669353	1.631273
3.677418	1.629681
3.685482	1.632547
3.693547	1.629362
3.701611	1.630636
3.709676	1.628088
3.717740	1.630955
3.725805	1.629044
3.733869	1.632866
3.741934	1.629044
3.749998	1.630636
3.758063	1.629362
3.766127	1.630955
3.774192	1.630318
3.782256	1.632229
3.790321	1.629999
3.798385	1.630955
3.806450	1.628088
3.814514	1.630955
3.822579	1.629999
3.830643	1.631910
3.838708	1.629044
3.846772	1.630318
3.854837	1.628406
3.862901	1.630636
3.870966	1.629362
3.879031	1.631273
3.887095	1.628725
3.895160	1.629999
3.903224	1.627451
3.911289	1.630955
3.919353	1.629999
3.927418	1.631910
3.935482	1.629362
3.943547	1.631592
3.951611	1.628406
3.959676	1.631273
3.967740	1.629999
3.975805	1.632547
3.983869	1.629681
3.991934	1.631592
3.999998	1.629681
4.008063	1.630636
4.016127	1.630955
4.024192	1.630318
4.032256	1.629044
4.040321	1.628406
4.048385	1.629999
4.056450	1.630955
4.064514	1.631910
4.072579	1.630955
4.080643	1.630636
4.088708	1.629362
4.096772	1.629362
4.104837	1.630318
4.112901	1.631273
4.120966	1.631273
4.129030	1.629681
4.137095	1.629999
4.145159	1.630955
4.153224	1.631273
4.161288	1.632547
4.169353	1.630955
4.177417	1.630318
4.185482	1.629362
4.193547	1.629999
4.201611	1.630955
4.209676	1.632866
4.217740	1.630955
4.225805	1.629999
4.233869	1.629681
4.241934	1.629044
4.249998	1.631592
4.258063	1.630955
4.266127	1.630636
4.274192	1.629681
4.282256	1.629999
4.290321	1.629999
4.298385	1.630955
4.306450	1.630636
4.314514	1.630636
4.322579	1.629362
4.330643	1.629999
4.338708	1.629681
4.346772	1.631592
4.354837	1.631910
4.362901	1.631273
4.370966	1.630318
4.379030	1.629999
4.387095	1.630636
4.395159	1.630955
4.403224	1.632547
4.411288	1.631910
4.419353	1.630636
4.427417	1.630318
4.435482	1.631910
4.443546	1.631273
4.451611	1.633503
4.459675	1.631910
4.467740	1.630636
4.475804	1.629681
4.483869	1.631273
4.491933	1.630955
4.499998	1.633503
4.508062	1.631592
4.516127	1.631910
4.524192	1.629681
4.532256	1.633185
4.540321	1.631592
4.548385	1.633822
4.556450	1.629999
4.564514	1.631592
4.572579	1.629362
4.580643	1.632229
4.588708	1.630636
4.596772	1.633185
4.604837	1.629362
4.612901	1.631592
4.620966	1.629044
4.629030	1.632866
4.637095	1.631910
4.645159	1.634459
4.653224	1.630318
4.661288	1.632229
4.669353	1.628725
4.677417	1.632547
4.685482	1.630318
4.693546	1.633185
4.701611	1.630955
4.709675	1.632547
4.717740	1.629044
4.725804	1.631910
4.733869	1.630318
4.741933	1.633185
4.749998	1.630318
4.758062	1.632229
4.766127	1.628406
4.774191	1.632229
4.782256	1.632229
4.790320	1.634459
4.798385	1.630955
4.806449	1.631273
4.814514	1.628725
4.822578	1.631273
4.830643	1.631592
4.838708	1.633503
4.846772	1.631273
4.854837	1.630636
4.862901	1.629681
4.870966	1.631273
4.879030	1.631910
4.887095	1.631592
4.895159	1.630955
4.903224	1.629999
4.911288	1.630636
4.919353	1.629999
4.927417	1.631910
4.935482	1.631273
4.943546	1.631910
4.951611	1.630636
4.959675	1.629999
4.967740	1.630955
4.975804	1.629999
4.983869	1.633185
4.991933	1.630636

Channels	1	
Samples	620	
Date	2023/05/16	
Time	11:06:48.840673012499568881	
Y_Unit_Label	Volts	
X_Dimension	Time	
X0	4.9999977500000003E+0	
Delta_X	0.008065	
***End_of_Header***		
X_Value	Voltage	Comment
4.999998	1.630636
5.008062	1.627451
5.016127	1.631273
5.024191	1.630955
5.032256	1.634140
5.040320	1.630955
5.048385	1.630955
5.056449	1.628088
5.064514	1.630636
5.072578	1.631592
5.080643	1.633503
5.088707	1.630955
5.096772	1.631592
5.104836	1.628725
5.112901	1.631273
5.120965	1.630636
5.129030	1.633185
5.137094	1.631273
5.145159	1.632229
5.153223	1.628088
5.161288	1.631592
5.169353	1.630955
5.177417	1.634140
5.185482	1.630636
5.193546	1.632229
5.201611	1.629362
5.209675	1.631273
5.217740	1.630636
5.225804	1.633185
5.233869	1.630636
5.241933	1.631273
5.249998	1.629999
5.258062	1.632547
5.266127	1.633185
5.274191	1.630955
5.282256	1.630318
5.290320	1.629362
5.298385	1.631273
5.306449	1.631592
5.314514	1.632547
5.322578	1.630955
5.330643	1.631910
5.338707	1.628406
5.346772	1.632229
5.354836	1.630636
5.362901	1.633822
5.370965	1.630318
5.379030	1.631910
5.387094	1.628088
5.395159	1.631910
5.403223	1.630955
5.411288	1.633822
5.419352	1.629999
5.427417	1.631592
5.435481	1.628406
5.443546	1.631910
5.451610	1.629999
5.459675	1.633185
5.467739	1.629681
5.475804	1.630636
5.483869	1.628406
5.491933	1.631592
5.499998	1.630636
5.508062	1.633822
5.516127	1.630318
5.524191	1.630955
5.532256	1.627451
5.540320	1.629999
5.548385	1.629999
5.556449	1.631592
5.564514	1.630636
5.572578	1.630636
5.580643	1.630636
5.588707	1.628406
5.596772	1.631910
5.604836	1.629681
5.612901	1.632547
5.620965	1.629044
5.629030	1.630636
5.637094	1.627132
5.645159	1.629681
5.653223	1.630318
5.661288	1.631273
5.669352	1.630955
5.677417	1.630318
5.685481	1.630636
5.693546	1.629044
5.701610	1.631592
5.709675	1.630318
5.717739	1.633185
5.725804	1.629999
5.733868	1.631273
5.741933	1.628406
5.749997	1.630955
5.758062	1.630955
5.766126	1.633503
5.774191	1.631273
5.782255	1.629681
5.790320	1.629362
5.798384	1.629999
5.806449	1.633503
5.814514	1.630636
5.822578	1.634777
5.830643	1.629999
5.838707	1.631592
5.846772	1.628725
5.854836	1.629681
5.862901	1.631273
5.870965	1.631273
5.879030	1.632229
5.887094	1.629362
5.895159	1.631273
5.903223	1.629044
5.911288	1.631273
5.919352	1.630318
5.927417	1.633185
5.935481	1.629044
5.943546	1.630636
5.951610	1.626495
5.959675	1.630955
5.967739	1.629681
5.975804	1.633185
5.983868	1.629681
5.991933	1.630636
5.999997	1.628088
6.008062	1.630636
6.016126	1.629681
6.024191	1.632229
6.032255	1.629681
6.040320	1.629999
6.048384	1.628406
6.056449	1.629999
6.064513	1.630636
6.072578	1.632866
6.080642	1.629999
6.088707	1.629999
6.096771	1.628088
6.104836	1.630636
6.112900	1.630955
6.120965	1.632547
6.129030	1.631273
6.137094	1.629999
6.145159	1.629999
6.153223	1.629044
6.161288	1.631592
6.169352	1.630955
6.177417	1.630955
6.185481	1.630318
6.193546	1.629681
6.201610	1.629999
6.209675	1.631273
6.217739	1.631592
6.225804	1.632229
6.233868	1.629681
6.241933	1.631273
6.249997	1.627769
6.258062	1.631592
6.266126	1.629681
6.274191	1.633503
6.282255	1.629681
6.290320	1.630955
6.298384	1.628088
6.306449	1.631273
6.314513	1.630636
6.322578	1.632866
6.330642	1.630636
6.338707	1.630636
6.346771	1.627451
6.354836	1.628725
6.362900	1.630636
6.370965	1.631273
6.379029	1.630955
6.387094	1.629362
6.395158	1.630636
6.403223	1.629681
6.411287	1.631592
6.419352	1.631273
6.427416	1.630636
6.435481	1.629681
6.443545	1.631273
6.451610	1.628725
6.459675	1.631910
6.467739	1.629681
6.475804	1.632866
6.483868	1.630318
6.491933	1.631592
6.499997	1.627451
6.508062	1.630955
6.516126	1.629999
6.524191	1.632866
6.532255	1.630318
6.540320	1.629999
6.548384	1.629044
6.556449	1.629681
6.564513	1.631592
6.572578	1.630955
6.580642	1.631910
6.588707	1.629044
6.596771	1.630318
6.604836	1.628725
6.612900	1.631592
6.620965	1.630318
6.629029	1.632547
6.637094	1.629362
6.645158	1.632547
6.653223	1.627132
6.661287	1.630955
6.669352	1.629999
6.677416	1.633503
6.685481	1.630318
6.693545	1.632229
6.701610	1.627769
6.709674	1.631592
6.717739	1.630318
6.725803	1.632866
6.733868	1.629999
6.741932	1.631592
6.749997	1.628088
6.758061	1.631273
6.766126	1.629999
6.774191	1.633503
6.782255	1.629362
6.790320	1.632229
6.798384	1.628088
6.806449	1.630318
6.814513	1.629681
6.822578	1.632547
6.830642	1.629681
6.838707	1.630318
6.846771	1.629044
6.854836	1.632229
6.862900	1.631592
6.870965	1.633185
6.879029	1.630318
6.887094	1.631273
6.895158	1.629362
6.903223	1.632547
6.911287	1.630318
6.919352	1.633503
6.927416	1.630636
6.935481	1.632229
6.943545	1.628406
6.951610	1.631910
6.959674	1.630318
6.967739	1.633503
6.975803	1.630318
6.983868	1.630636
6.991932	1.627451
6.999997	1.631592
7.008061	1.630955
7.016126	1.633503
7.024190	1.630955
7.032255	1.632547
7.040319	1.629044
7.048384	1.632547
7.056448	1.630955
7.064513	1.634140
7.072577	1.629999
7.080642	1.631273
7.088706	1.628406
7.096771	1.630955
7.104836	1.630636
7.112900	1.633185
7.120965	1.631273
7.129029	1.630955
7.137094	1.628406
7.145158	1.630955
7.153223	1.631273
7.161287	1.631592
7.169352	1.631273
7.177416	1.629362
7.185481	1.630636
7.193545	1.629044
7.201610	1.631910
7.209674	1.629681
7.217739	1.632547
7.225803	1.629681
7.233868	1.631592
7.241932	1.629044
7.249997	1.631910
7.258061	1.629681
7.266126	1.633822
7.274190	1.629999
7.282255	1.629999
7.290319	1.627769
7.298384	1.631910
7.306448	1.630955
7.314513	1.633503
7.322577	1.630636
7.330642	1.631273
7.338706	1.628088
7.346771	1.630955
7.354835	1.630318
7.362900	1.632866
7.370964	1.630636
7.379029	1.629999
7.387093	1.629681
7.395158	1.629362
7.403222	1.631273
7.411287	1.629999
7.419352	1.633503
7.427416	1.630318
7.435481	1.631910
7.443545	1.627451
7.451610	1.630318
7.459674	1.629044
7.467739	1.632866
7.475803	1.629044
7.483868	1.631273
7.491932	1.628088
7.499997	1.630636
7.508061	1.630318
7.516126	1.634140
7.524190	1.630955
7.532255	1.630955
7.540319	1.628088
7.548384	1.630955
7.556448	1.631273
7.564513	1.633185
7.572577	1.632229
7.580642	1.630955
7.588706	1.629362
7.596771	1.630955
7.604835	1.632547
7.612900	1.630955
7.620964	1.632866
7.629029	1.630636
7.637093	1.629999
7.645158	1.629044
7.653222	1.632547
7.661287	1.630636
7.669351	1.632866
7.677416	1.629362
7.685480	1.630318
7.693545	1.629681
7.701609	1.632229
7.709674	1.631273
7.717738	1.631910
7.725803	1.630955
7.733867	1.630636
7.741932	1.630636
7.749997	1.631273
7.758061	1.633185
7.766126	1.631910
7.774190	1.630636
7.782255	1.629999
7.790319	1.629362
7.798384	1.631592
7.806448	1.631592
7.814513	1.631592
7.822577	1.630636
7.830642	1.629362
7.838706	1.630636
7.846771	1.631273
7.854835	1.632547
7.862900	1.630955
7.870964	1.629999
7.879029	1.629044
7.887093	1.630955
7.895158	1.630636
7.903222	1.633185
7.911287	1.630955
7.919351	1.631910
7.927416	1.628406
7.935480	1.629999
7.943545	1.629999
7.951609	1.632866
7.959674	1.630318
7.967738	1.629999
7.975803	1.628088
7.983867	1.630636
7.991932	1.630636
7.999996	1.633185
8.008061	1.629681
8.016125	1.631910
8.024190	1.627769
8.032254	1.631592
8.040319	1.629999
8.048383	1.633822
8.056448	1.629999
8.064513	1.631910
8.072577	1.629362
8.080642	1.632229
8.088706	1.632229
8.096771	1.631273
8.104835	1.630636
8.112900	1.629999
8.120964	1.630636
8.129029	1.632547
8.137093	1.633503
8.145158	1.631910
8.153222	1.631910
8.161287	1.629999
8.169351	1.631273
8.177416	1.631273
8.185480	1.632866
8.193545	1.631910
8.201609	1.631273
8.209674	1.630636
8.217738	1.631273
8.225803	1.631910
8.233867	1.632866
8.241932	1.631273
8.249996	1.630318
8.258061	1.628406
8.266125	1.629999
8.274190	1.630636
8.282254	1.631592
8.290319	1.630955
8.298383	1.629999
8.306448	1.629044
8.314512	1.630955
8.322577	1.629999
8.330641	1.632866
8.338706	1.630636
8.346770	1.630636
8.354835	1.628406
8.362899	1.629999
8.370964	1.631273
8.379028	1.632229
8.387093	1.632866
8.395158	1.629999
8.403222	1.629999
8.411287	1.629681
8.419351	1.631592
8.427416	1.629362
8.435480	1.631910
8.443545	1.630318
8.451609	1.631273
8.459674	1.628088
8.467738	1.630636
8.475803	1.629999
8.483867	1.632866
8.491932	1.629681
8.499996	1.629681
8.508061	1.627451
8.516125	1.629362
8.524190	1.630636
8.532254	1.630318
8.540319	1.631910
8.548383	1.629044
8.556448	1.631273
8.564512	1.627132
8.572577	1.629999
8.580641	1.629999
8.588706	1.633822
8.596770	1.630318
8.604835	1.630318
8.612899	1.629362
8.620964	1.630636
8.629028	1.630636
8.637093	1.631910
8.645157	1.631592
8.653222	1.629681
8.661286	1.628406
8.669351	1.629362
8.677415	1.631273
8.685480	1.631592
8.693544	1.631910
8.701609	1.630636
8.709674	1.631273
8.717738	1.629362
8.725803	1.632547
8.733867	1.630318
8.741932	1.631273
8.749996	1.630318
8.758061	1.631592
8.766125	1.628725
8.774190	1.630955
8.782254	1.630318
8.790319	1.633822
8.798383	1.630318
8.806448	1.631273
8.814512	1.628088
8.822577	1.631910
8.830641	1.630318
8.838706	1.633503
8.846770	1.629362
8.854835	1.630636
8.862899	1.628406
8.870964	1.630636
8.879028	1.629999
8.887093	1.632547
8.895157	1.629681
8.903222	1.630318
8.911286	1.628406
8.919351	1.630318
8.927415	1.630955
8.935480	1.632866
8.943544	1.630318
8.951609	1.629999
8.959673	1.627769
8.967738	1.629999
8.975802	1.629999
8.983867	1.632547
8.991931	1.629681
8.999996	1.631592
9.008060	1.628088
9.016125	1.631273
9.024189	1.629999
9.032254	1.633185
9.040319	1.629044
9.048383	1.629999
9.056448	1.627451
9.064512	1.630636
9.072577	1.629044
9.080641	1.633503
9.088706	1.629999
9.096770	1.629999
9.104835	1.627132
9.112899	1.630636
9.120964	1.629362
9.129028	1.632229
9.137093	1.628088
9.145157	1.629681
9.153222	1.626495
9.161286	1.630955
9.169351	1.629999
9.177415	1.633185
9.185480	1.629681
9.193544	1.629681
9.201609	1.626814
9.209673	1.629999
9.217738	1.628406
9.225802	1.631910
9.233867	1.629044
9.241931	1.629681
9.249996	1.627132
9.258060	1.629681
9.266125	1.629044
9.274189	1.631910
9.282254	1.629362
9.290318	1.628725
9.298383	1.628088
9.306447	1.628406
9.314512	1.629999
9.322576	1.629362
9.330641	1.630636
9.338705	1.628406
9.346770	1.629999
9.354835	1.626814
9.362899	1.629681
9.370964	1.628725
9.379028	1.631592
9.387093	1.627132
9.395157	1.629681
9.403222	1.626814
9.411286	1.630318
9.419351	1.628725
9.427415	1.632866
9.435480	1.629044
9.443544	1.629681
9.451609	1.626814
9.459673	1.629681
9.467738	1.629044
9.475802	1.631592
9.483867	1.629362
9.491931	1.629681
9.499996	1.626814
9.508060	1.629999
9.516125	1.629362
9.524189	1.631273
9.532254	1.629362
9.540318	1.628725
9.548383	1.628088
9.556447	1.628406
9.564512	1.630318
9.572576	1.629999
9.580641	1.631273
9.588705	1.628406
9.596770	1.629999
9.604834	1.626814
9.612899	1.630318
9.620963	1.628725
9.629028	1.632866
9.637092	1.629044
9.645157	1.628725
9.653221	1.626814
9.661286	1.629044
9.669350	1.629999
9.677415	1.630636
9.685480	1.629681
9.693544	1.628725
9.701609	1.629044
9.709673	1.626814
9.717738	1.630636
9.725802	1.629044
9.733867	1.631910
9.741931	1.629044
9.749996	1.629362
9.758060	1.626495
9.766125	1.627769
9.774189	1.629362
9.782254	1.629999
9.790318	1.629681
9.798383	1.628406
9.806447	1.629681
9.814512	1.628725
9.822576	1.630636
9.830641	1.629681
9.838705	1.631273
9.846770	1.628088
9.854834	1.629999
9.862899	1.626177
9.870963	1.630318
9.879028	1.629362
9.887092	1.632547
9.895157	1.628088
9.903221	1.628725
9.911286	1.627451
9.919350	1.629044
9.927415	1.629681
9.935479	1.629681
9.943544	1.629681
9.951608	1.628406
9.959673	1.628725
9.967737	1.628088
9.975802	1.630318
9.983866	1.629681
9.991931	1.630318

