LabVIEW Measurement	
Writer_Version	2
Reader_Version	2
Separator	Tab
Decimal_Separator	.
Multi_Headings	Yes
X_Columns	One
Time_Pref	Absolute
Operator	labuser
Date	2023/05/16
Time	11:13:35.3381727624998285488
***End_of_Header***	
	
Channels	1	
Samples	620	
Date	2023/05/16	
Time	11:13:35.3381727624998285488	
Y_Unit_Label	Volts	
X_Dimension	Time	
X0	0.0000000000000000E+0	
Delta_X	0.008065	
***End_of_Header***		
X_Value	Voltage	Comment
0.000000	1.581263
0.008065	1.412438
0.016129	1.599419
0.024194	1.483472
0.032258	1.601968
0.040323	1.572344
0.048387	1.588589
0.056452	1.428365
0.064516	1.564380
0.072581	1.516600
0.080645	1.550683
0.088710	1.514370
0.096774	1.580626
0.104839	1.577122
0.112903	1.421994
0.120968	1.446840
0.129032	1.592412
0.137097	1.586678
0.145161	1.601331
0.153226	1.407023
0.161290	1.598782
0.169355	1.372939
0.177419	1.569158
0.185484	1.555143
0.193548	1.573618
0.201613	1.560558
0.209677	1.582218
0.217742	1.375487
0.225806	1.632547
0.233871	1.375806
0.241935	1.540809
0.250000	1.570114
0.258064	1.323884
0.266129	1.558965
0.274193	1.531252
0.282258	1.408615
0.290322	1.550683
0.298387	1.536668
0.306451	1.632547
0.314516	1.597508
0.322581	1.513414
0.330645	1.599738
0.338710	1.407978
0.346774	1.510866
0.354839	1.321973
0.362903	1.553550
0.370968	1.436328
0.379032	1.576485
0.387097	1.362746
0.395161	1.613435
0.403226	1.483153
0.411290	1.601649
0.419355	1.470730
0.427419	1.614391
0.435484	1.552913
0.443548	1.494302
0.451613	1.445247
0.459677	1.628725
0.467742	1.513096
0.475806	1.601331
0.483871	1.586359
0.491935	1.554506
0.500000	1.637326
0.508064	1.584130
0.516129	1.499399
0.524193	1.600694
0.532258	1.552276
0.540322	1.514688
0.548387	1.512777
0.556451	1.531252
0.564516	1.560558
0.572580	1.493346
0.580645	1.531571
0.588709	1.684788
0.596774	1.468819
0.604838	1.524563
0.612903	1.522333
0.620967	1.616939
0.629032	1.403837
0.637096	1.590819
0.645161	1.490480
0.653226	1.544631
0.661290	1.591456
0.669355	1.558328
0.677419	1.641785
0.685484	1.518511
0.693548	1.544631
0.701613	1.549090
0.709677	1.458307
0.717742	1.487294
0.725806	1.469456
0.733871	1.559921
0.741935	1.514370
0.750000	1.529023
0.758064	1.636051
0.766129	1.656119
0.774193	1.485383
0.782258	1.328344
0.790322	1.620443
0.798387	1.571707
0.806451	1.413712
0.814516	1.486339
0.822580	1.598782
0.830645	1.517555
0.838709	1.601331
0.846774	1.544949
0.854838	1.592730
0.862903	1.451936
0.870967	1.290119
0.879032	1.453848
0.887096	1.595597
0.895161	1.425498
0.903225	1.556098
0.911290	1.353508
0.919354	1.240427
0.927419	1.539534
0.935483	1.612480
0.943548	1.633503
0.951612	1.570433
0.959677	1.581263
0.967742	1.531889
0.975806	1.372939
0.983871	1.562788
0.991935	1.331529
1.000000	1.604835
1.008064	1.512140
1.016129	1.687655
1.024193	1.384725
1.032258	1.511503
1.040322	1.574255
1.048387	1.619487
1.056451	1.606427
1.064516	1.565654
1.072580	1.468500
1.080645	1.518192
1.088709	1.474234
1.096774	1.554824
1.104838	1.407023
1.112903	1.565654
1.120967	1.427728
1.129032	1.502902
1.137096	1.500036
1.145161	1.613435
1.153225	1.537942
1.161290	1.621080
1.169354	1.526474
1.177419	1.471049
1.185483	1.519148
1.193548	1.329936
1.201612	1.593049
1.209677	1.505769
1.217741	1.514688
1.225806	1.410845
1.233870	1.596234
1.241935	1.578077
1.249999	1.330255
1.258064	1.396192
1.266128	1.641148
1.274193	1.510547
1.282257	1.582537
1.290322	1.529341
1.298387	1.561832
1.306451	1.435054
1.314516	1.409571
1.322580	1.628725
1.330645	1.482516
1.338709	1.353190
1.346774	1.453529
1.354838	1.418490
1.362903	1.549409
1.370967	1.363383
1.379032	1.529341
1.387096	1.566610
1.395161	1.604198
1.403225	1.640511
1.411290	1.458944
1.419354	1.565654
1.427419	1.529978
1.435483	1.481560
1.443548	1.516600
1.451612	1.588908
1.459677	1.568203
1.467741	1.499080
1.475806	1.586678
1.483870	1.516281
1.491935	1.646563
1.499999	1.323566
1.508064	1.593367
1.516128	1.450344
1.524193	1.550046
1.532257	1.410208
1.540322	1.368798
1.548386	1.383132
1.556451	1.514051
1.564515	1.486657
1.572580	1.651341
1.580644	1.538260
1.588709	1.537305
1.596773	1.603879
1.604838	1.527748
1.612903	1.588271
1.620967	1.608657
1.629032	1.579989
1.637096	1.576485
1.645161	1.627769
1.653225	1.542083
1.661290	1.588271
1.669354	1.555461
1.677419	1.622354
1.685483	1.595597
1.693548	1.509273
1.701612	1.548453
1.709677	1.560239
1.717741	1.414986
1.725806	1.380265
1.733870	1.509910
1.741935	1.537623
1.749999	1.555461
1.758064	1.590500
1.766128	1.527111
1.774193	1.482835
1.782257	1.507999
1.790322	1.570433
1.798386	1.468182
1.806451	1.563425
1.814515	1.509592
1.822580	1.578396
1.830644	1.488887
1.838709	1.511822
1.846773	1.513414
1.854838	1.630636
1.862902	1.520422
1.870967	1.570751
1.879031	1.530934
1.887096	1.657393
1.895160	1.445566
1.903225	1.437921
1.911289	1.604198
1.919354	1.521378
1.927418	1.588589
1.935483	1.538897
1.943548	1.435054
1.951612	1.509592
1.959677	1.413393
1.967741	1.471049
1.975806	1.624265
1.983870	1.410526
1.991935	1.548135
1.999999	1.486020
2.008064	1.442062
2.016128	1.588589
2.024193	1.443336
2.032257	1.471049
2.040322	1.595916
2.048386	1.582856
2.056451	1.432824
2.064515	1.537942
2.072580	1.471049
2.080644	1.509592
2.088709	1.584130
2.096773	1.561195
2.104838	1.633185
2.112902	1.483153
2.120967	1.523607
2.129031	1.360835
2.137096	1.580944
2.145160	1.436965
2.153225	1.484109
2.161289	1.452892
2.169354	1.627132
2.177418	1.597827
2.185483	1.561513
2.193547	1.601331
2.201612	1.491435
2.209676	1.565654
2.217741	1.498761
2.225805	1.395874
2.233870	1.469456
2.241934	1.522652
2.249999	1.505132
2.258064	1.559602
2.266128	1.481242
2.274193	1.497169
2.282257	1.537623
2.290322	1.571707
2.298386	1.550046
2.306451	1.461811
2.314515	1.507681
2.322580	1.690203
2.330644	1.485701
2.338709	1.621080
2.346773	1.625540
2.354838	1.639874
2.362902	1.424861
2.370967	1.618850
2.379031	1.320380
2.387096	1.526793
2.395160	1.555461
2.403225	1.602605
2.411289	1.459263
2.419354	1.608976
2.427418	1.464996
2.435483	1.326432
2.443547	1.489205
2.451612	1.497806
2.459676	1.598145
2.467741	1.517237
2.475805	1.558328
2.483870	1.548772
2.491934	1.552913
2.499999	1.600375
2.508063	1.397148
2.516128	1.575529
2.524192	1.402244
2.532257	1.587315
2.540321	1.603560
2.548386	1.581581
2.556450	1.323566
2.564515	1.641467
2.572579	1.457670
2.580644	1.480605
2.588709	1.552276
2.596773	1.545905
2.604838	1.590182
2.612902	1.510547
2.620967	1.393644
2.629031	1.579033
2.637096	1.384725
2.645160	1.545905
2.653225	1.505132
2.661289	1.581581
2.669354	1.609931
2.677418	1.354145
2.685483	1.519148
2.693547	1.565654
2.701612	1.277059
2.709676	1.541764
2.717741	1.541127
2.725805	1.676187
2.733870	1.614072
2.741934	1.564380
2.749999	1.533164
2.758063	1.523289
2.766128	1.605153
2.774192	1.404156
2.782257	1.539216
2.790321	1.532208
2.798386	1.421675
2.806450	1.457989
2.814515	1.503858
2.822579	1.546542
2.830644	1.520741
2.838708	1.629999
2.846773	1.568203
2.854837	1.638918
2.862902	1.467545
2.870966	1.544949
2.879031	1.575529
2.887095	1.470730
2.895160	1.573936
2.903225	1.592730
2.911289	1.347774
2.919354	1.524563
2.927418	1.657393
2.935483	1.517555
2.943547	1.676824
2.951612	1.473278
2.959676	1.622036
2.967741	1.537305
2.975805	1.561832
2.983870	1.399696
2.991934	1.444291
2.999999	1.572981
3.008063	1.631910
3.016128	1.542720
3.024192	1.497169
3.032257	1.365613
3.040321	1.429320
3.048386	1.522652
3.056450	1.538897
3.064515	1.591456
3.072579	1.427090
3.080644	1.608020
3.088708	1.589226
3.096773	1.512777
3.104837	1.567247
3.112902	1.457033
3.120966	1.369435
3.129031	1.542720
3.137095	1.501628
3.145160	1.282156
3.153224	1.619487
3.161289	1.451299
3.169353	1.549409
3.177418	1.519785
3.185482	1.516918
3.193547	1.465315
3.201611	1.532527
3.209676	1.384725
3.217740	1.517237
3.225805	1.450025
3.233870	1.246479
3.241934	1.514370
3.249999	1.503540
3.258063	1.514688
3.266128	1.572025
3.274192	1.277378
3.282257	1.526793
3.290321	1.557054
3.298386	1.525200
3.306450	1.331848
3.314515	1.529978
3.322579	1.611842
3.330644	1.524245
3.338708	1.528704
3.346773	1.550046
3.354837	1.559602
3.362902	1.580626
3.370966	1.587315
3.379031	1.302861
3.387095	1.536349
3.395160	1.590819
3.403224	1.655164
3.411289	1.602286
3.419353	1.504495
3.427418	1.583174
3.435482	1.398741
3.443547	1.538260
3.451611	1.597508
3.459676	1.517874
3.467740	1.541127
3.475805	1.601012
3.483869	1.637007
3.491934	1.479649
3.499998	1.543357
3.508063	1.496850
3.516127	1.524245
3.524192	1.492391
3.532256	1.630318
3.540321	1.615028
3.548386	1.551002
3.556450	1.572662
3.564515	1.654208
3.572579	1.572981
3.580644	1.481560
3.588708	1.422312
3.596773	1.522970
3.604837	1.429320
3.612902	1.316558
3.620966	1.578077
3.629031	1.407978
3.637095	1.522015
3.645160	1.413393
3.653224	1.388547
3.661289	1.422312
3.669353	1.571707
3.677418	1.638281
3.685482	1.582537
3.693547	1.570751
3.701611	1.599738
3.709676	1.461493
3.717740	1.379310
3.725805	1.425816
3.733869	1.518511
3.741934	1.463085
3.749998	1.563425
3.758063	1.374213
3.766127	1.376124
3.774192	1.594960
3.782256	1.568521
3.790321	1.543357
3.798385	1.554824
3.806450	1.644652
3.814514	1.565654
3.822579	1.515325
3.830643	1.303498
3.838708	1.472641
3.846772	1.394600
3.854837	1.413075
3.862901	1.436328
3.870966	1.536986
3.879031	1.580307
3.887095	1.412438
3.895160	1.612798
3.903224	1.577759
3.911289	1.526156
3.919353	1.576803
3.927418	1.432824
3.935482	1.564380
3.943547	1.542720
3.951611	1.570433
3.959676	1.562788
3.967740	1.464041
3.975805	1.549090
3.983869	1.468182
3.991934	1.465315
3.999998	1.446840
4.008063	1.591456
4.016127	1.567884
4.024192	1.479331
4.032256	1.609931
4.040321	1.503540
4.048385	1.461493
4.056450	1.582537
4.064514	1.612798
4.072579	1.544312
4.080643	1.544631
4.088708	1.565973
4.096772	1.352553
4.104837	1.568521
4.112901	1.528704
4.120966	1.491117
4.129030	1.540490
4.137095	1.525200
4.145159	1.515644
4.153224	1.550046
4.161288	1.480605
4.169353	1.456714
4.177417	1.585404
4.185482	1.539534
4.193547	1.597190
4.201611	1.625221
4.209676	1.584130
4.217740	1.609294
4.225805	1.628406
4.233869	1.545268
4.241934	1.595916
4.249998	1.422631
4.258063	1.676824
4.266127	1.468500
4.274192	1.603879
4.282256	1.526474
4.290321	1.554506
4.298385	1.634140
4.306450	1.598145
4.314514	1.307002
4.322579	1.545905
4.330643	1.489205
4.338708	1.495576
4.346772	1.531252
4.354837	1.455759
4.362901	1.469137
4.370966	1.367842
4.379030	1.462130
4.387095	1.544949
4.395159	1.598145
4.403224	1.488568
4.411288	1.593686
4.419353	1.476464
4.427417	1.573299
4.435482	1.372302
4.443546	1.657075
4.451611	1.533801
4.459675	1.509273
4.467740	1.564380
4.475804	1.661853
4.483869	1.567884
4.491933	1.587952
4.499998	1.578715
4.508062	1.553550
4.516127	1.593367
4.524192	1.453529
4.532256	1.657712
4.540321	1.456714
4.548385	1.523607
4.556450	1.569477
4.564514	1.582218
4.572579	1.489842
4.580643	1.552594
4.588708	1.546861
4.596772	1.505769
4.604837	1.470730
4.612901	1.599101
4.620966	1.432187
4.629030	1.317832
4.637095	1.659623
4.645159	1.576166
4.653224	1.562469
4.661288	1.618213
4.669353	1.586997
4.677417	1.629362
4.685482	1.530615
4.693546	1.564062
4.701611	1.561513
4.709675	1.614391
4.717740	1.601649
4.725804	1.629362
4.733869	1.556735
4.741933	1.564699
4.749998	1.450025
4.758062	1.628088
4.766127	1.530934
4.774191	1.511822
4.782256	1.570114
4.790320	1.536668
4.798385	1.516600
4.806449	1.517874
4.814514	1.402244
4.822578	1.539534
4.830643	1.540490
4.838708	1.577122
4.846772	1.545905
4.854837	1.463722
4.862901	1.575848
4.870966	1.344271
4.879030	1.579352
4.887095	1.364976
4.895159	1.338855
4.903224	1.554824
4.911288	1.495258
4.919353	1.539853
4.927417	1.539216
4.935482	1.486657
4.943546	1.423587
4.951611	1.418490
4.959675	1.568521
4.967740	1.593049
4.975804	1.491117
4.983869	1.574892
4.991933	1.498761

