LabVIEW Measurement	
Writer_Version	2
Reader_Version	2
Separator	Tab
Decimal_Separator	.
Multi_Headings	Yes
X_Columns	One
Time_Pref	Absolute
Operator	labuser
Date	2023/05/16
Time	10:54:21.6871098624996478712
***End_of_Header***	
	
Channels	1	
Samples	620	
Date	2023/05/16	
Time	10:54:21.6871098624996478712	
Y_Unit_Label	Volts	
X_Dimension	Time	
X0	0.0000000000000000E+0	
Delta_X	0.008065	
***End_of_Header***		
X_Value	Voltage	Comment
0.000000	1.614709
0.008065	1.639237
0.016129	1.600694
0.024194	1.618532
0.032258	1.627132
0.040323	1.595279
0.048387	1.640192
0.056452	1.627451
0.064516	1.618213
0.072581	1.649749
0.080645	1.618213
0.088710	1.626495
0.096774	1.626177
0.104839	1.608657
0.112903	1.623947
0.120968	1.627132
0.129032	1.592093
0.137097	1.634459
0.145161	1.625221
0.153226	1.601968
0.161290	1.622991
0.169355	1.622673
0.177419	1.622354
0.185484	1.646882
0.193548	1.612798
0.201613	1.618532
0.209677	1.644970
0.217742	1.610250
0.225806	1.620443
0.233871	1.651978
0.241935	1.605790
0.250000	1.634777
0.258064	1.630955
0.266129	1.603242
0.274193	1.644970
0.282258	1.629681
0.290322	1.597190
0.298387	1.651023
0.306451	1.622673
0.314516	1.605153
0.322581	1.656119
0.330645	1.623310
0.338710	1.613754
0.346774	1.650067
0.354839	1.601012
0.362903	1.618213
0.370968	1.634140
0.379032	1.600375
0.387097	1.636688
0.395161	1.634777
0.403226	1.611205
0.411290	1.642741
0.419355	1.631592
0.427419	1.598464
0.435484	1.653889
0.443548	1.620443
0.451613	1.594641
0.459677	1.628406
0.467742	1.621399
0.475806	1.612161
0.483871	1.620124
0.491935	1.613435
0.500000	1.612480
0.508064	1.636688
0.516129	1.608339
0.524193	1.639237
0.532258	1.630636
0.540322	1.600694
0.548387	1.643696
0.556451	1.629362
0.564516	1.621717
0.572580	1.646563
0.580645	1.620443
0.588709	1.600375
0.596774	1.654208
0.604838	1.610568
0.612903	1.586997
0.620967	1.653889
0.629032	1.616302
0.637096	1.622354
0.645161	1.647837
0.653226	1.606109
0.661290	1.626814
0.669355	1.644652
0.677419	1.606427
0.685484	1.627132
0.693548	1.628406
0.701613	1.607383
0.709677	1.628725
0.717742	1.624903
0.725806	1.613117
0.733871	1.656756
0.741935	1.615983
0.750000	1.601968
0.758064	1.648474
0.766129	1.613435
0.774193	1.628406
0.782258	1.646563
0.790322	1.615028
0.798387	1.628406
0.806451	1.637326
0.814516	1.608339
0.822580	1.627769
0.830645	1.629999
0.838709	1.599738
0.846774	1.641785
0.854838	1.602286
0.862903	1.607701
0.870967	1.625540
0.879032	1.626495
0.887096	1.611205
0.895161	1.657393
0.903225	1.619169
0.911290	1.588271
0.919354	1.649430
0.927419	1.613117
0.935483	1.614709
0.943548	1.637326
0.951612	1.601012
0.959677	1.624265
0.967742	1.641148
0.975806	1.610250
0.983871	1.624265
0.991935	1.629362
1.000000	1.608976
1.008064	1.632229
1.016129	1.614391
1.024193	1.612798
1.032258	1.654527
1.040322	1.629999
1.048387	1.602605
1.056451	1.649430
1.064516	1.621399
1.072580	1.606746
1.080645	1.651341
1.088709	1.620124
1.096774	1.605472
1.104838	1.656438
1.112903	1.622673
1.120967	1.606109
1.129032	1.643696
1.137096	1.617576
1.145161	1.598782
1.153225	1.657393
1.161290	1.606109
1.169354	1.619169
1.177419	1.646245
1.185483	1.610568
1.193548	1.623947
1.201612	1.644333
1.209677	1.604835
1.217741	1.626177
1.225806	1.629362
1.233870	1.596234
1.241935	1.643378
1.249999	1.623947
1.258064	1.604198
1.266128	1.649111
1.274193	1.622991
1.282257	1.587952
1.290322	1.656438
1.298387	1.622673
1.306451	1.596871
1.314516	1.640829
1.322580	1.613435
1.330645	1.618532
1.338709	1.644652
1.346774	1.612798
1.354838	1.645289
1.362903	1.627769
1.370967	1.612798
1.379032	1.622673
1.387096	1.631592
1.395161	1.601649
1.403225	1.636688
1.411290	1.629999
1.419354	1.588271
1.427419	1.651341
1.435483	1.622991
1.443548	1.609294
1.451612	1.654527
1.459677	1.613117
1.467741	1.623310
1.475806	1.648474
1.483870	1.624265
1.491935	1.618532
1.499999	1.639237
1.508064	1.604516
1.516128	1.623628
1.524193	1.632547
1.532257	1.603879
1.540322	1.642104
1.548386	1.615028
1.556451	1.604835
1.564515	1.647519
1.572580	1.615028
1.580644	1.607701
1.588709	1.650067
1.596773	1.625540
1.604838	1.608020
1.612903	1.651341
1.620967	1.612161
1.629032	1.612480
1.637096	1.623628
1.645161	1.597508
1.653225	1.624903
1.661290	1.633503
1.669354	1.602605
1.677419	1.627769
1.685483	1.632547
1.693548	1.594004
1.701612	1.631273
1.709677	1.628406
1.717741	1.616302
1.725806	1.644333
1.733870	1.637963
1.741935	1.608657
1.749999	1.622354
1.758064	1.616621
1.766128	1.616621
1.774193	1.646563
1.782257	1.607383
1.790322	1.622036
1.798386	1.638600
1.806451	1.626814
1.814515	1.636370
1.822580	1.634459
1.830644	1.598145
1.838709	1.633822
1.846773	1.636688
1.854838	1.604198
1.862902	1.658349
1.870967	1.619487
1.879031	1.602923
1.887096	1.643059
1.895160	1.618213
1.903225	1.625540
1.911289	1.630955
1.919354	1.600375
1.927418	1.623628
1.935483	1.634140
1.943548	1.604516
1.951612	1.647200
1.959677	1.630636
1.967741	1.594323
1.975806	1.652934
1.983870	1.617258
1.991935	1.617576
1.999999	1.662171
2.008064	1.619487
2.016128	1.621399
2.024193	1.606427
2.032257	1.607064
2.040322	1.625858
2.048386	1.635096
2.056451	1.619169
2.064515	1.644652
2.072580	1.608339
2.080644	1.592093
2.088709	1.660260
2.096773	1.610887
2.104838	1.611205
2.112902	1.644333
2.120967	1.610887
2.129031	1.618532
2.137096	1.637007
2.145160	1.601968
2.153225	1.646245
2.161289	1.624265
2.169354	1.595916
2.177418	1.665675
2.185483	1.612798
2.193547	1.609294
2.201612	1.639874
2.209676	1.611842
2.217741	1.644015
2.225805	1.613754
2.233870	1.611842
2.241934	1.629999
2.249999	1.633503
2.258064	1.595279
2.266128	1.640829
2.274193	1.629999
2.282257	1.599738
2.290322	1.651978
2.298386	1.622991
2.306451	1.606109
2.314515	1.651660
2.322580	1.614072
2.330644	1.616302
2.338709	1.637963
2.346773	1.610250
2.354838	1.622673
2.362902	1.630636
2.370967	1.611524
2.379031	1.631910
2.387096	1.640511
2.395160	1.620124
2.403225	1.635414
2.411289	1.628406
2.419354	1.592093
2.427418	1.647519
2.435483	1.623628
2.443547	1.613435
2.451612	1.629044
2.459676	1.614391
2.467741	1.609613
2.475805	1.646245
2.483870	1.611205
2.491934	1.620443
2.499999	1.636370
2.508063	1.605472
2.516128	1.616939
2.524192	1.634459
2.532257	1.601968
2.540321	1.646563
2.548386	1.617576
2.556450	1.613117
2.564515	1.649111
2.572579	1.621717
2.580644	1.612798
2.588709	1.647519
2.596773	1.609931
2.604838	1.618532
2.612902	1.641148
2.620967	1.574574
2.629031	1.627132
2.637096	1.637644
2.645160	1.613117
2.653225	1.651978
2.661289	1.628406
2.669354	1.601012
2.677418	1.634459
2.685483	1.623947
2.693547	1.608339
2.701612	1.654208
2.709676	1.616621
2.717741	1.614391
2.725805	1.629362
2.733870	1.604516
2.741934	1.616939
2.749999	1.640192
2.758063	1.602286
2.766128	1.622036
2.774192	1.621399
2.782257	1.596871
2.790321	1.648474
2.798386	1.620443
2.806450	1.623947
2.814515	1.649749
2.822579	1.616302
2.830644	1.616939
2.838708	1.644652
2.846773	1.604198
2.854837	1.617895
2.862902	1.639555
2.870966	1.606746
2.879031	1.629999
2.887095	1.617576
2.895160	1.609294
2.903225	1.634140
2.911289	1.628088
2.919354	1.608976
2.927418	1.640192
2.935483	1.615028
2.943547	1.597190
2.951612	1.647837
2.959676	1.624903
2.967741	1.614072
2.975805	1.653571
2.983870	1.610250
2.991934	1.619806
2.999999	1.631910
3.008063	1.604198
3.016128	1.630318
3.024192	1.602286
3.032257	1.603879
3.040321	1.639237
3.048386	1.630955
3.056450	1.596553
3.064515	1.651341
3.072579	1.620762
3.080644	1.602605
3.088708	1.652615
3.096773	1.610250
3.104837	1.616302
3.112902	1.638281
3.120966	1.605153
3.129031	1.626177
3.137095	1.643378
3.145160	1.615983
3.153224	1.650386
3.161289	1.630955
3.169353	1.601012
3.177418	1.643059
3.185482	1.599101
3.193547	1.613117
3.201611	1.668861
3.209676	1.625858
3.217740	1.609294
3.225805	1.634459
3.233870	1.614072
3.241934	1.612480
3.249999	1.652297
3.258063	1.600057
3.266128	1.616939
3.274192	1.645289
3.282257	1.607383
3.290321	1.647519
3.298386	1.644333
3.306450	1.607064
3.314515	1.642741
3.322579	1.631910
3.330644	1.603242
3.338708	1.646882
3.346773	1.618532
3.354837	1.609613
3.362902	1.651660
3.370966	1.611524
3.379031	1.586359
3.387095	1.646882
3.395160	1.616302
3.403224	1.618850
3.411289	1.646245
3.419353	1.606746
3.427418	1.628725
3.435482	1.629999
3.443547	1.603560
3.451611	1.637326
3.459676	1.625221
3.467740	1.609613
3.475805	1.622673
3.483869	1.621399
3.491934	1.600694
3.499998	1.640511
3.508063	1.621080
3.516127	1.621399
3.524192	1.649430
3.532256	1.608976
3.540321	1.626495
3.548386	1.637963
3.556450	1.603560
3.564515	1.627451
3.572579	1.632866
3.580644	1.616621
3.588708	1.634777
3.596773	1.624265
3.604837	1.608339
3.612902	1.647837
3.620966	1.615665
3.629031	1.608339
3.637095	1.643059
3.645160	1.602923
3.653224	1.628406
3.661289	1.637007
3.669353	1.601649
3.677418	1.639237
3.685482	1.628725
3.693547	1.592412
3.701611	1.618532
3.709676	1.614709
3.717740	1.612480
3.725805	1.653571
3.733869	1.610887
3.741934	1.620124
3.749998	1.642741
3.758063	1.629044
3.766127	1.628725
3.774192	1.629999
3.782256	1.601649
3.790321	1.646882
3.798385	1.628088
3.806450	1.615983
3.814514	1.641785
3.822579	1.619487
3.830643	1.613435
3.838708	1.646245
3.846772	1.610250
3.854837	1.618213
3.862901	1.641785
3.870966	1.608976
3.879031	1.623947
3.887095	1.641785
3.895160	1.609613
3.903224	1.648474
3.911289	1.628725
3.919353	1.612161
3.927418	1.645926
3.935482	1.625221
3.943547	1.580944
3.951611	1.652934
3.959676	1.612480
3.967740	1.619487
3.975805	1.638600
3.983869	1.605472
3.991934	1.624903
3.999998	1.640511
4.008063	1.603560
4.016127	1.632866
4.024192	1.632866
4.032256	1.598464
4.040321	1.631592
4.048385	1.628088
4.056450	1.613435
4.064514	1.645289
4.072579	1.621080
4.080643	1.617895
4.088708	1.653252
4.096772	1.617576
4.104837	1.604835
4.112901	1.660260
4.120966	1.608657
4.129030	1.599101
4.137095	1.631592
4.145159	1.602923
4.153224	1.621080
4.161288	1.638281
4.169353	1.615028
4.177417	1.626177
4.185482	1.647519
4.193547	1.605153
4.201611	1.618213
4.209676	1.637963
4.217740	1.604835
4.225805	1.624903
4.233869	1.630636
4.241934	1.601968
4.249998	1.619487
4.258063	1.621717
4.266127	1.609294
4.274192	1.644652
4.282256	1.625221
4.290321	1.590819
4.298385	1.645289
4.306450	1.614709
4.314514	1.615983
4.322579	1.626177
4.330643	1.625540
4.338708	1.599738
4.346772	1.648793
4.354837	1.627769
4.362901	1.605153
4.370966	1.645289
4.379030	1.625540
4.387095	1.625540
4.395159	1.644015
4.403224	1.616621
4.411288	1.621080
4.419353	1.615665
4.427417	1.601012
4.435482	1.637326
4.443546	1.621399
4.451611	1.604516
4.459675	1.629362
4.467740	1.624265
4.475804	1.602286
4.483869	1.641467
4.491933	1.628406
4.499998	1.611205
4.508062	1.629362
4.516127	1.621080
4.524192	1.611842
4.532256	1.649749
4.540321	1.620443
4.548385	1.614391
4.556450	1.642741
4.564514	1.605153
4.572579	1.617576
4.580643	1.633822
4.588708	1.611842
4.596772	1.625540
4.604837	1.632547
4.612901	1.596871
4.620966	1.650386
4.629030	1.625221
4.637095	1.608020
4.645159	1.627769
4.653224	1.624584
4.661288	1.602923
4.669353	1.649430
4.677417	1.598464
4.685482	1.616302
4.693546	1.638281
4.701611	1.605790
4.709675	1.626177
4.717740	1.640829
4.725804	1.604516
4.733869	1.627132
4.741933	1.616302
4.749998	1.622673
4.758062	1.649430
4.766127	1.623947
4.774191	1.612798
4.782256	1.646245
4.790320	1.616302
4.798385	1.620762
4.806449	1.637644
4.814514	1.599419
4.822578	1.630318
4.830643	1.629681
4.838708	1.599419
4.846772	1.644333
4.854837	1.626495
4.862901	1.609294
4.870966	1.659623
4.879030	1.615346
4.887095	1.629999
4.895159	1.658030
4.903224	1.609931
4.911288	1.624265
4.919353	1.634459
4.927417	1.602605
4.935482	1.661216
4.943546	1.621080
4.951611	1.594641
4.959675	1.663127
4.967740	1.615346
4.975804	1.620762
4.983869	1.651341
4.991933	1.607701

