LabVIEW Measurement	
Writer_Version	2
Reader_Version	2
Separator	Tab
Decimal_Separator	.
Multi_Headings	Yes
X_Columns	One
Time_Pref	Absolute
Operator	labuser
Date	2023/05/16
Time	11:16:16.9927332624994896212
***End_of_Header***	
	
Channels	1	
Samples	620	
Date	2023/05/16	
Time	11:16:16.9927332624994896212	
Y_Unit_Label	Volts	
X_Dimension	Time	
X0	0.0000000000000000E+0	
Delta_X	0.008065	
***End_of_Header***		
X_Value	Voltage	Comment
0.000000	1.614709
0.008065	1.583174
0.016129	1.603879
0.024194	1.582856
0.032258	1.596871
0.040323	1.591138
0.048387	1.587634
0.056452	1.519148
0.064516	1.668861
0.072581	1.624584
0.080645	1.580307
0.088710	1.607064
0.096774	1.314647
0.104839	1.624584
0.112903	1.604835
0.120968	1.427728
0.129032	1.632547
0.137097	1.531571
0.145161	1.593686
0.153226	1.673002
0.161290	1.616939
0.169355	1.550683
0.177419	1.430913
0.185484	1.572662
0.193548	1.434098
0.201613	1.350004
0.209677	1.575211
0.217742	1.631910
0.225806	1.550683
0.233871	1.306683
0.241935	1.594641
0.250000	1.561195
0.258064	1.429320
0.266129	1.595916
0.274193	1.568840
0.282258	1.476782
0.290322	1.485701
0.298387	1.459263
0.306451	1.637007
0.314516	1.552913
0.322581	1.335351
0.330645	1.629681
0.338710	1.356694
0.346774	1.594641
0.354839	1.589226
0.362903	1.408934
0.370968	1.529341
0.379032	1.340448
0.387097	1.653252
0.395161	1.611524
0.403226	1.532845
0.411290	1.459900
0.419355	1.628725
0.427419	1.469137
0.435484	1.608976
0.443548	1.607383
0.451613	1.514051
0.459677	1.593049
0.467742	1.607064
0.475806	1.495576
0.483871	1.531252
0.491935	1.474871
0.500000	1.608020
0.508064	1.603242
0.516129	1.624265
0.524193	1.408297
0.532258	1.625540
0.540322	1.498761
0.548387	1.538897
0.556451	1.580626
0.564516	1.488250
0.572580	1.568203
0.580645	1.418171
0.588709	1.601649
0.596774	1.601649
0.604838	1.548135
0.612903	1.424224
0.620967	1.565017
0.629032	1.621399
0.637096	1.529660
0.645161	1.611842
0.653226	1.530615
0.661290	1.634140
0.669355	1.607701
0.677419	1.478375
0.685484	1.518829
0.693548	1.650386
0.701613	1.418490
0.709677	1.586997
0.717742	1.404156
0.725806	1.638918
0.733871	1.550365
0.741935	1.539534
0.750000	1.603879
0.758064	1.496850
0.766129	1.528386
0.774193	1.548772
0.782258	1.583811
0.790322	1.607064
0.798387	1.611205
0.806451	1.539853
0.814516	1.552276
0.822580	1.413075
0.830645	1.618532
0.838709	1.438239
0.846774	1.548453
0.854838	1.461174
0.862903	1.622036
0.870967	1.477101
0.879032	1.510229
0.887096	1.548135
0.895161	1.472323
0.903225	1.637963
0.911290	1.522652
0.919354	1.607064
0.927419	1.647837
0.935483	1.609931
0.943548	1.592730
0.951612	1.599738
0.959677	1.589545
0.967742	1.497806
0.975806	1.593049
0.983871	1.598145
0.991935	1.524882
1.000000	1.457670
1.008064	1.588908
1.016129	1.618532
1.024193	1.349686
1.032258	1.637644
1.040322	1.431550
1.048387	1.594323
1.056451	1.556735
1.064516	1.607701
1.072580	1.426135
1.080645	1.627451
1.088709	1.491435
1.096774	1.511503
1.104838	1.420401
1.112903	1.530297
1.120967	1.622991
1.129032	1.449388
1.137096	1.595279
1.145161	1.470412
1.153225	1.558328
1.161290	1.586359
1.169354	1.497487
1.177419	1.317513
1.185483	1.612798
1.193548	1.628088
1.201612	1.572662
1.209677	1.609931
1.217741	1.349049
1.225806	1.572981
1.233870	1.552276
1.241935	1.523289
1.249999	1.526474
1.258064	1.543038
1.266128	1.611524
1.274193	1.542720
1.282257	1.608976
1.290322	1.356375
1.298387	1.613117
1.306451	1.564699
1.314516	1.658986
1.322580	1.416260
1.330645	1.503858
1.338709	1.436965
1.346774	1.552276
1.354838	1.512140
1.362903	1.663764
1.370967	1.467545
1.379032	1.461174
1.387096	1.643696
1.395161	1.593367
1.403225	1.565973
1.411290	1.563425
1.419354	1.632547
1.427419	1.462767
1.435483	1.610887
1.443548	1.591456
1.451612	1.595916
1.459677	1.611524
1.467741	1.561195
1.475806	1.592093
1.483870	1.502584
1.491935	1.496532
1.499999	1.365931
1.508064	1.549728
1.516128	1.608976
1.524193	1.590500
1.532257	1.256991
1.540322	1.524882
1.548386	1.545268
1.556451	1.471367
1.564515	1.544631
1.572580	1.635733
1.580644	1.414986
1.588709	1.550365
1.596773	1.608020
1.604838	1.575848
1.612903	1.424861
1.620967	1.525519
1.629032	1.556417
1.637096	1.525200
1.645161	1.463722
1.653225	1.543038
1.661290	1.390777
1.669354	1.397466
1.677419	1.530615
1.685483	1.302224
1.693548	1.468182
1.701612	1.462130
1.709677	1.561832
1.717741	1.566929
1.725806	1.549728
1.733870	1.619487
1.741935	1.515007
1.749999	1.595916
1.758064	1.636688
1.766128	1.569158
1.774193	1.444929
1.782257	1.606109
1.790322	1.357649
1.798386	1.593049
1.806451	1.529978
1.814515	1.629999
1.822580	1.509592
1.830644	1.594004
1.838709	1.525837
1.846773	1.470412
1.854838	1.445566
1.862902	1.414030
1.870967	1.601012
1.879031	1.612480
1.887096	1.589226
1.895160	1.308913
1.903225	1.642104
1.911289	1.543357
1.919354	1.522015
1.927418	1.614709
1.935483	1.436647
1.943548	1.519148
1.951612	1.685743
1.959677	1.570433
1.967741	1.589863
1.975806	1.606746
1.983870	1.558647
1.991935	1.601012
1.999999	1.499399
2.008064	1.558328
2.016128	1.603242
2.024193	1.489842
2.032257	1.558010
2.040322	1.498124
2.048386	1.593686
2.056451	1.453211
2.064515	1.531571
2.072580	1.577122
2.080644	1.554824
2.088709	1.537623
2.096773	1.395555
2.104838	1.631592
2.112902	1.599101
2.120967	1.518192
2.129031	1.535075
2.137096	1.539216
2.145160	1.618850
2.153225	1.516918
2.161289	1.658030
2.169354	1.431869
2.177418	1.620762
2.185483	1.606427
2.193547	1.623947
2.201612	1.471686
2.209676	1.575848
2.217741	1.608020
2.225805	1.607064
2.233870	1.421038
2.241934	1.486657
2.249999	1.509273
2.258064	1.560876
2.266128	1.586041
2.274193	1.406704
2.282257	1.577759
2.290322	1.368798
2.298386	1.578396
2.306451	1.326751
2.314515	1.605472
2.322580	1.445247
2.330644	1.644652
2.338709	1.452255
2.346773	1.624903
2.354838	1.577122
2.362902	1.600057
2.370967	1.434417
2.379031	1.408934
2.387096	1.620762
2.395160	1.496850
2.403225	1.568521
2.411289	1.451936
2.419354	1.589863
2.427418	1.560558
2.435483	1.593367
2.443547	1.551957
2.451612	1.641148
2.459676	1.514688
2.467741	1.489524
2.475805	1.299038
2.483870	1.629999
2.491934	1.470412
2.499999	1.574574
2.508063	1.605790
2.516128	1.566292
2.524192	1.509592
2.532257	1.462130
2.540321	1.445566
2.548386	1.562151
2.556450	1.561832
2.564515	1.589226
2.572579	1.551639
2.580644	1.621080
2.588709	1.477101
2.596773	1.623628
2.604838	1.565973
2.612902	1.517874
2.620967	1.421038
2.629031	1.616621
2.637096	1.516600
2.645160	1.567247
2.653225	1.530934
2.661289	1.564062
2.669354	1.584130
2.677418	1.622036
2.685483	1.644970
2.693547	1.595279
2.701612	1.622354
2.709676	1.521696
2.717741	1.507043
2.725805	1.612161
2.733870	1.506088
2.741934	1.491754
2.749999	1.611205
2.758063	1.449707
2.766128	1.563106
2.774192	1.604835
2.782257	1.586997
2.790321	1.440788
2.798386	1.593367
2.806450	1.396829
2.814515	1.585085
2.822579	1.296808
2.830644	1.581263
2.838708	1.461174
2.846773	1.580944
2.854837	1.540809
2.862902	1.547498
2.870966	1.520422
2.879031	1.627132
2.887095	1.591775
2.895160	1.463404
2.903225	1.598145
2.911289	1.594960
2.919354	1.545587
2.927418	1.615346
2.935483	1.566292
2.943547	1.481560
2.951612	1.646245
2.959676	1.267184
2.967741	1.528067
2.975805	1.537305
2.983870	1.589226
2.991934	1.561513
2.999999	1.466908
3.008063	1.361790
3.016128	1.616939
3.024192	1.503540
3.032257	1.591456
3.040321	1.664083
3.048386	1.608020
3.056450	1.569158
3.064515	1.602605
3.072579	1.539216
3.080644	1.615665
3.088708	1.367524
3.096773	1.601012
3.104837	1.486020
3.112902	1.458626
3.120966	1.438876
3.129031	1.638281
3.137095	1.291712
3.145160	1.609931
3.153224	1.543675
3.161289	1.622673
3.169353	1.291393
3.177418	1.552594
3.185482	1.510866
3.193547	1.573299
3.201611	1.516600
3.209676	1.613117
3.217740	1.394281
3.225805	1.456396
3.233870	1.531252
3.241934	1.641785
3.249999	1.500036
3.258063	1.589226
3.266128	1.586678
3.274192	1.574255
3.282257	1.652615
3.290321	1.351278
3.298386	1.488887
3.306450	1.486020
3.314515	1.550365
3.322579	1.580626
3.330644	1.418490
3.338708	1.242020
3.346773	1.474234
3.354837	1.588908
3.362902	1.554506
3.370966	1.404156
3.379031	1.595597
3.387095	1.489842
3.395160	1.608020
3.403224	1.559284
3.411289	1.537305
3.419353	1.655482
3.427418	1.597827
3.435482	1.552913
3.443547	1.538260
3.451611	1.510229
3.459676	1.603879
3.467740	1.556098
3.475805	1.635733
3.483869	1.622991
3.491934	1.527748
3.499998	1.606427
3.508063	1.535712
3.516127	1.594641
3.524192	1.508636
3.532256	1.560239
3.540321	1.301586
3.548386	1.489842
3.556450	1.587634
3.564515	1.531252
3.572579	1.594323
3.580644	1.443973
3.588708	1.547498
3.596773	1.593367
3.604837	1.625221
3.612902	1.507043
3.620966	1.601649
3.629031	1.534756
3.637095	1.613435
3.645160	1.613435
3.653224	1.528067
3.661289	1.516918
3.669353	1.511822
3.677418	1.534756
3.685482	1.471049
3.693547	1.585085
3.701611	1.448114
3.709676	1.591456
3.717740	1.591456
3.725805	1.374850
3.733869	1.274192
3.741934	1.636370
3.749998	1.543038
3.758063	1.600375
3.766127	1.558965
3.774192	1.462767
3.782256	1.560558
3.790321	1.433780
3.798385	1.590500
3.806450	1.575211
3.814514	1.625858
3.822579	1.553869
3.830643	1.527748
3.838708	1.549409
3.846772	1.618532
3.854837	1.566292
3.862901	1.548135
3.870966	1.543357
3.879031	1.374213
3.887095	1.576803
3.895160	1.623947
3.903224	1.502902
3.911289	1.341722
3.919353	1.449070
3.927418	1.506406
3.935482	1.551002
3.943547	1.578396
3.951611	1.409889
3.959676	1.606746
3.967740	1.479649
3.975805	1.606746
3.983869	1.494620
3.991934	1.619169
3.999998	1.450662
4.008063	1.402244
4.016127	1.532208
4.024192	1.268140
4.032256	1.618532
4.040321	1.400015
4.048385	1.603242
4.056450	1.595597
4.064514	1.602286
4.072579	1.510229
4.080643	1.627132
4.088708	1.514370
4.096772	1.562469
4.104837	1.515644
4.112901	1.570114
4.120966	1.456714
4.129030	1.629044
4.137095	1.359242
4.145159	1.571388
4.153224	1.629044
4.161288	1.256673
4.169353	1.613435
4.177417	1.463404
4.185482	1.592093
4.193547	1.575529
4.201611	1.668861
4.209676	1.522333
4.217740	1.534438
4.225805	1.565973
4.233869	1.575848
4.241934	1.547179
4.249998	1.594641
4.258063	1.488568
4.266127	1.504177
4.274192	1.494620
4.282256	1.561832
4.290321	1.606427
4.298385	1.531889
4.306450	1.565973
4.314514	1.639237
4.322579	1.555461
4.330643	1.516600
4.338708	1.400652
4.346772	1.626495
4.354837	1.389503
4.362901	1.615665
4.370966	1.632547
4.379030	1.499399
4.387095	1.659623
4.395159	1.372302
4.403224	1.534438
4.411288	1.473278
4.419353	1.537623
4.427417	1.579989
4.435482	1.587952
4.443546	1.627451
4.451611	1.565336
4.459675	1.584130
4.467740	1.558647
4.475804	1.540171
4.483869	1.557372
4.491933	1.427728
4.499998	1.613435
4.508062	1.592412
4.516127	1.531571
4.524192	1.625858
4.532256	1.433780
4.540321	1.490161
4.548385	1.521059
4.556450	1.465315
4.564514	1.626495
4.572579	1.515007
4.580643	1.445884
4.588708	1.601331
4.596772	1.492391
4.604837	1.629681
4.612901	1.534438
4.620966	1.509910
4.629030	1.583174
4.637095	1.574255
4.645159	1.530934
4.653224	1.492391
4.661288	1.258902
4.669353	1.547498
4.677417	1.591775
4.685482	1.422312
4.693546	1.251576
4.701611	1.467226
4.709675	1.534438
4.717740	1.557691
4.725804	1.540809
4.733869	1.507681
4.741933	1.517555
4.749998	1.421994
4.758062	1.564062
4.766127	1.253806
4.774191	1.596871
4.782256	1.606746
4.790320	1.415623
4.798385	1.325477
4.806449	1.594960
4.814514	1.429639
4.822578	1.613117
4.830643	1.464359
4.838708	1.633822
4.846772	1.619487
4.854837	1.601012
4.862901	1.300949
4.870966	1.577122
4.879030	1.603560
4.887095	1.632547
4.895159	1.350004
4.903224	1.525837
4.911288	1.534119
4.919353	1.541127
4.927417	1.387273
4.935482	1.646563
4.943546	1.394600
4.951611	1.587634
4.959675	1.379947
4.967740	1.597190
4.975804	1.578715
4.983869	1.474234
4.991933	1.635414

