LabVIEW Measurement	
Writer_Version	2
Reader_Version	2
Separator	Tab
Decimal_Separator	.
Multi_Headings	Yes
X_Columns	One
Time_Pref	Absolute
Operator	labuser
Date	2023/05/16
Time	11:15:49.6641833624996597424
***End_of_Header***	
	
Channels	1	
Samples	620	
Date	2023/05/16	
Time	11:15:49.6641833624996597424	
Y_Unit_Label	Volts	
X_Dimension	Time	
X0	0.0000000000000000E+0	
Delta_X	0.008065	
***End_of_Header***		
X_Value	Voltage	Comment
0.000000	1.483153
0.008065	1.572344
0.016129	1.535393
0.024194	1.483153
0.032258	1.557691
0.040323	1.635414
0.048387	1.551320
0.056452	1.593367
0.064516	1.529023
0.072581	1.605790
0.080645	1.466908
0.088710	1.539853
0.096774	1.620762
0.104839	1.584130
0.112903	1.394600
0.120968	1.502265
0.129032	1.506406
0.137097	1.622991
0.145161	1.412438
0.153226	1.482516
0.161290	1.575529
0.169355	1.529978
0.177419	1.613754
0.185484	1.427728
0.193548	1.502902
0.201613	1.406067
0.209677	1.505769
0.217742	1.615346
0.225806	1.393644
0.233871	1.560558
0.241935	1.609294
0.250000	1.548772
0.258064	1.594641
0.266129	1.465315
0.274193	1.239153
0.282258	1.529341
0.290322	1.604198
0.298387	1.592412
0.306451	1.668542
0.314516	1.493665
0.322581	1.329299
0.330645	1.430913
0.338710	1.380902
0.346774	1.358923
0.354839	1.547498
0.362903	1.611524
0.370968	1.445884
0.379032	1.514688
0.387097	1.551320
0.395161	1.535075
0.403226	1.634777
0.411290	1.478694
0.419355	1.623310
0.427419	1.580626
0.435484	1.554187
0.443548	1.606746
0.451613	1.454485
0.459677	1.531252
0.467742	1.561513
0.475806	1.608976
0.483871	1.536349
0.491935	1.606746
0.500000	1.545268
0.508064	1.379947
0.516129	1.549728
0.524193	1.307320
0.532258	1.457670
0.540322	1.622036
0.548387	1.339811
0.556451	1.455440
0.564516	1.432506
0.572580	1.588589
0.580645	1.439195
0.588709	1.635733
0.596774	1.698485
0.604838	1.586041
0.612903	1.605790
0.620967	1.451936
0.629032	1.610568
0.637096	1.416897
0.645161	1.626495
0.653226	1.604516
0.661290	1.504177
0.669355	1.588908
0.677419	1.502584
0.685484	1.497169
0.693548	1.438558
0.701613	1.574255
0.709677	1.523607
0.717742	1.418490
0.725806	1.622036
0.733871	1.373576
0.741935	1.598464
0.750000	1.461493
0.758064	1.601649
0.766129	1.475190
0.774193	1.537942
0.782258	1.645926
0.790322	1.325477
0.798387	1.526474
0.806451	1.631592
0.814516	1.538897
0.822580	1.580626
0.830645	1.324840
0.838709	1.562151
0.846774	1.482516
0.854838	1.610887
0.862903	1.417853
0.870967	1.493665
0.879032	1.427728
0.887096	1.561513
0.895161	1.553869
0.903225	1.537623
0.911290	1.419446
0.919354	1.456714
0.927419	1.593367
0.935483	1.317832
0.943548	1.575529
0.951612	1.590182
0.959677	1.529341
0.967742	1.499080
0.975806	1.585722
0.983871	1.338537
0.991935	1.506088
1.000000	1.566610
1.008064	1.457989
1.016129	1.572662
1.024193	1.556098
1.032258	1.605472
1.040322	1.505769
1.048387	1.472641
1.056451	1.453211
1.064516	1.586678
1.072580	1.601649
1.080645	1.567247
1.088709	1.542083
1.096774	1.554824
1.104838	1.608020
1.112903	1.266866
1.120967	1.619487
1.129032	1.597827
1.137096	1.588271
1.145161	1.334714
1.153225	1.545587
1.161290	1.624265
1.169354	1.543357
1.177419	1.557372
1.185483	1.410526
1.193548	1.620443
1.201612	1.342041
1.209677	1.608657
1.217741	1.443017
1.225806	1.530934
1.233870	1.591456
1.241935	1.490798
1.249999	1.548453
1.258064	1.383451
1.266128	1.603560
1.274193	1.352553
1.282257	1.511184
1.290322	1.598782
1.298387	1.483472
1.306451	1.363064
1.314516	1.534438
1.322580	1.456396
1.330645	1.565336
1.338709	1.501947
1.346774	1.600694
1.354838	1.535393
1.362903	1.550046
1.370967	1.530297
1.379032	1.615665
1.387096	1.449707
1.395161	1.567566
1.403225	1.457670
1.411290	1.416579
1.419354	1.500673
1.427419	1.500036
1.435483	1.555143
1.443548	1.516918
1.451612	1.522015
1.459677	1.518511
1.467741	1.605472
1.475806	1.554506
1.483870	1.609294
1.491935	1.585404
1.499999	1.470730
1.508064	1.604835
1.516128	1.342678
1.524193	1.633185
1.532257	1.596871
1.540322	1.533164
1.548386	1.359560
1.556451	1.615665
1.564515	1.589226
1.572580	1.478057
1.580644	1.579352
1.588709	1.450344
1.596773	1.550365
1.604838	1.523926
1.612903	1.388866
1.620967	1.536349
1.629032	1.350960
1.637096	1.488887
1.645161	1.555461
1.653225	1.395555
1.661290	1.617895
1.669354	1.648474
1.677419	1.563425
1.685483	1.533482
1.693548	1.589863
1.701612	1.596553
1.709677	1.451618
1.717741	1.582856
1.725806	1.382177
1.733870	1.578077
1.741935	1.414349
1.749999	1.615346
1.758064	1.384406
1.766128	1.536349
1.774193	1.562788
1.782257	1.611205
1.790322	1.586678
1.798386	1.520741
1.806451	1.533482
1.814515	1.363383
1.822580	1.422949
1.830644	1.549409
1.838709	1.374213
1.846773	1.539853
1.854838	1.398103
1.862902	1.526156
1.870967	1.574255
1.879031	1.530297
1.887096	1.550365
1.895160	1.619806
1.903225	1.500036
1.911289	1.537942
1.919354	1.592730
1.927418	1.435691
1.935483	1.550683
1.943548	1.537305
1.951612	1.335033
1.959677	1.433143
1.967741	1.553869
1.975806	1.502902
1.983870	1.555461
1.991935	1.450025
1.999999	1.375487
2.008064	1.600375
2.016128	1.514370
2.024193	1.536349
2.032257	1.488887
2.040322	1.438558
2.048386	1.396829
2.056451	1.472960
2.064515	1.544631
2.072580	1.378673
2.080644	1.381540
2.088709	1.492709
2.096773	1.615665
2.104838	1.447795
2.112902	1.563106
2.120967	1.569795
2.129031	1.510547
2.137096	1.382495
2.145160	1.440150
2.153225	1.395237
2.161289	1.554506
2.169354	1.348412
2.177418	1.463722
2.185483	1.534438
2.193547	1.560558
2.201612	1.553231
2.209676	1.467863
2.217741	1.602605
2.225805	1.642741
2.233870	1.579352
2.241934	1.264636
2.249999	1.492391
2.258064	1.315921
2.266128	1.614391
2.274193	1.491117
2.282257	1.593367
2.290322	1.477101
2.298386	1.551957
2.306451	1.366250
2.314515	1.453529
2.322580	1.556417
2.330644	1.624584
2.338709	1.579989
2.346773	1.420401
2.354838	1.525519
2.362902	1.562469
2.370967	1.336944
2.379031	1.391733
2.387096	1.566610
2.395160	1.528386
2.403225	1.480923
2.411289	1.438876
2.419354	1.572344
2.427418	1.582856
2.435483	1.493983
2.443547	1.579352
2.451612	1.452255
2.459676	1.514051
2.467741	1.475508
2.475805	1.493028
2.483870	1.486657
2.491934	1.614072
2.499999	1.457033
2.508063	1.564062
2.516128	1.434098
2.524192	1.549090
2.532257	1.488887
2.540321	1.398741
2.548386	1.256673
2.556450	1.570114
2.564515	1.504495
2.572579	1.348730
2.580644	1.547498
2.588709	1.461174
2.596773	1.534756
2.604838	1.617258
2.612902	1.475508
2.620967	1.648474
2.629031	1.454803
2.637096	1.605153
2.645160	1.599101
2.653225	1.543994
2.661289	1.617576
2.669354	1.511822
2.677418	1.623310
2.685483	1.410845
2.693547	1.558647
2.701612	1.472960
2.709676	1.332166
2.717741	1.381540
2.725805	1.551639
2.733870	1.455122
2.741934	1.550683
2.749999	1.512140
2.758063	1.585404
2.766128	1.367842
2.774192	1.440469
2.782257	1.622036
2.790321	1.600375
2.798386	1.491754
2.806450	1.438239
2.814515	1.449707
2.822579	1.483153
2.830644	1.590819
2.838708	1.560876
2.846773	1.483790
2.854837	1.490480
2.862902	1.345226
2.870966	1.529660
2.879031	1.396829
2.887095	1.643059
2.895160	1.451936
2.903225	1.537942
2.911289	1.578396
2.919354	1.527748
2.927418	1.249665
2.935483	1.641148
2.943547	1.539216
2.951612	1.441743
2.959676	1.581263
2.967741	1.485701
2.975805	1.594004
2.983870	1.447158
2.991934	1.551002
2.999999	1.239472
3.008063	1.538897
3.016128	1.492709
3.024192	1.567566
3.032257	1.575848
3.040321	1.587634
3.048386	1.525200
3.056450	1.561832
3.064515	1.542401
3.072579	1.523926
3.080644	1.495258
3.088708	1.408934
3.096773	1.588908
3.104837	1.466271
3.112902	1.585085
3.120966	1.453848
3.129031	1.585404
3.137095	1.476782
3.145160	1.605153
3.153224	1.585085
3.161289	1.554824
3.169353	1.558965
3.177418	1.515963
3.185482	1.470412
3.193547	1.444929
3.201611	1.516600
3.209676	1.435054
3.217740	1.370709
3.225805	1.543038
3.233870	1.452892
3.241934	1.360516
3.249999	1.613117
3.258063	1.418171
3.266128	1.485383
3.274192	1.617258
3.282257	1.494620
3.290321	1.469775
3.298386	1.515963
3.306450	1.573936
3.314515	1.531252
3.322579	1.450344
3.330644	1.350004
3.338708	1.529023
3.346773	1.616939
3.354837	1.451299
3.362902	1.607701
3.370966	1.563106
3.379031	1.262406
3.387095	1.497487
3.395160	1.335670
3.403224	1.387592
3.411289	1.455759
3.419353	1.582856
3.427418	1.441743
3.435482	1.427728
3.443547	1.377080
3.451611	1.360835
3.459676	1.515007
3.467740	1.518511
3.475805	1.572662
3.483869	1.527430
3.491934	1.597508
3.499998	1.561513
3.508063	1.607701
3.516127	1.476145
3.524192	1.525519
3.532256	1.584767
3.540321	1.541764
3.548386	1.517555
3.556450	1.406704
3.564515	1.519785
3.572579	1.430913
3.580644	1.538260
3.588708	1.556098
3.596773	1.488568
3.604837	1.512777
3.612902	1.456714
3.620966	1.574574
3.629031	1.413075
3.637095	1.533164
3.645160	1.322929
3.653224	1.617576
3.661289	1.472004
3.669353	1.473278
3.677418	1.573299
3.685482	1.469456
3.693547	1.612798
3.701611	1.424542
3.709676	1.501947
3.717740	1.434098
3.725805	1.428365
3.733869	1.575848
3.741934	1.424861
3.749998	1.402563
3.758063	1.439832
3.766127	1.593049
3.774192	1.546861
3.782256	1.562151
3.790321	1.566610
3.798385	1.591775
3.806450	1.573936
3.814514	1.450025
3.822579	1.578715
3.830643	1.435691
3.838708	1.560239
3.846772	1.442699
3.854837	1.504814
3.862901	1.503858
3.870966	1.322610
3.879031	1.447795
3.887095	1.637326
3.895160	1.631592
3.903224	1.519785
3.911289	1.602923
3.919353	1.506088
3.927418	1.602286
3.935482	1.474871
3.943547	1.603242
3.951611	1.361472
3.959676	1.381540
3.967740	1.573936
3.975805	1.326114
3.983869	1.537942
3.991934	1.289801
3.999998	1.533482
4.008063	1.633185
4.016127	1.548135
4.024192	1.526474
4.032256	1.524245
4.040321	1.591775
4.048385	1.550046
4.056450	1.567566
4.064514	1.446840
4.072579	1.562469
4.080643	1.571388
4.088708	1.482835
4.096772	1.536349
4.104837	1.583811
4.112901	1.457033
4.120966	1.589545
4.129030	1.517237
4.137095	1.559921
4.145159	1.310187
4.153224	1.596553
4.161288	1.503221
4.169353	1.496850
4.177417	1.460855
4.185482	1.516600
4.193547	1.531571
4.201611	1.621080
4.209676	1.397148
4.217740	1.308276
4.225805	1.543038
4.233869	1.575529
4.241934	1.562151
4.249998	1.400652
4.258063	1.408934
4.266127	1.542083
4.274192	1.444929
4.282256	1.331848
4.290321	1.398741
4.298385	1.485701
4.306450	1.615346
4.314514	1.340767
4.322579	1.504495
4.330643	1.295853
4.338708	1.525200
4.346772	1.464359
4.354837	1.585085
4.362901	1.545268
4.370966	1.568840
4.379030	1.615665
4.387095	1.503221
4.395159	1.615983
4.403224	1.580307
4.411288	1.518829
4.419353	1.553231
4.427417	1.410526
4.435482	1.618213
4.443546	1.493665
4.451611	1.592730
4.459675	1.512140
4.467740	1.554187
4.475804	1.426772
4.483869	1.425179
4.491933	1.588908
4.499998	1.353190
4.508062	1.308913
4.516127	1.601012
4.524192	1.391096
4.532256	1.282474
4.540321	1.537305
4.548385	1.470730
4.556450	1.385680
4.564514	1.469775
4.572579	1.572025
4.580643	1.551002
4.588708	1.638281
4.596772	1.500991
4.604837	1.537305
4.612901	1.500036
4.620966	1.505132
4.629030	1.441106
4.637095	1.533482
4.645159	1.438876
4.653224	1.544949
4.661288	1.524563
4.669353	1.515963
4.677417	1.300949
4.685482	1.572662
4.693546	1.400970
4.701611	1.469775
4.709675	1.567247
4.717740	1.553231
4.725804	1.467226
4.733869	1.619806
4.741933	1.543994
4.749998	1.513096
4.758062	1.594960
4.766127	1.494302
4.774191	1.489205
4.782256	1.503221
4.790320	1.315602
4.798385	1.404156
4.806449	1.630636
4.814514	1.522015
4.822578	1.620762
4.830643	1.544949
4.838708	1.573936
4.846772	1.345545
4.854837	1.622991
4.862901	1.554506
4.870966	1.508636
4.879030	1.503540
4.887095	1.486020
4.895159	1.537305
4.903224	1.588271
4.911288	1.402882
4.919353	1.432187
4.927417	1.570114
4.935482	1.397466
4.943546	1.618532
4.951611	1.457352
4.959675	1.470730
4.967740	1.507362
4.975804	1.627132
4.983869	1.540809
4.991933	1.560876

