LabVIEW Measurement	
Writer_Version	2
Reader_Version	2
Separator	Tab
Decimal_Separator	.
Multi_Headings	Yes
X_Columns	One
Time_Pref	Absolute
Operator	labuser
Date	2023/05/16
Time	11:04:18.8353337624995711217
***End_of_Header***	
	
Channels	1	
Samples	620	
Date	2023/05/16	
Time	11:04:18.8353337624995711217	
Y_Unit_Label	Volts	
X_Dimension	Time	
X0	0.0000000000000000E+0	
Delta_X	0.008065	
***End_of_Header***		
X_Value	Voltage	Comment
0.000000	1.613117
0.008065	1.609931
0.016129	1.604198
0.024194	1.629681
0.032258	1.622673
0.040323	1.621399
0.048387	1.622354
0.056452	1.607064
0.064516	1.571388
0.072581	1.590819
0.080645	1.568203
0.088710	1.608020
0.096774	1.595279
0.104839	1.596234
0.112903	1.594004
0.120968	1.582537
0.129032	1.595279
0.137097	1.576485
0.145161	1.569477
0.153226	1.579989
0.161290	1.588908
0.169355	1.600057
0.177419	1.578396
0.185484	1.620124
0.193548	1.595597
0.201613	1.578715
0.209677	1.616302
0.217742	1.598145
0.225806	1.611842
0.233871	1.571707
0.241935	1.616621
0.250000	1.612480
0.258064	1.555461
0.266129	1.620762
0.274193	1.615665
0.282258	1.597827
0.290322	1.613117
0.298387	1.599101
0.306451	1.576485
0.314516	1.566610
0.322581	1.572344
0.330645	1.616939
0.338710	1.583174
0.346774	1.615665
0.354839	1.578077
0.362903	1.586041
0.370968	1.570751
0.379032	1.565017
0.387097	1.627132
0.395161	1.600375
0.403226	1.566929
0.411290	1.613435
0.419355	1.604516
0.427419	1.605790
0.435484	1.584767
0.443548	1.613435
0.451613	1.592730
0.459677	1.611842
0.467742	1.612161
0.475806	1.605790
0.483871	1.561513
0.491935	1.609613
0.500000	1.588589
0.508064	1.591775
0.516129	1.610250
0.524193	1.586678
0.532258	1.560239
0.540322	1.591138
0.548387	1.603879
0.556451	1.602605
0.564516	1.600375
0.572580	1.595597
0.580645	1.598464
0.588709	1.610250
0.596774	1.576166
0.604838	1.616939
0.612903	1.601012
0.620967	1.588908
0.629032	1.608339
0.637096	1.610250
0.645161	1.609931
0.653226	1.616939
0.661290	1.622991
0.669355	1.609613
0.677419	1.560558
0.685484	1.596871
0.693548	1.591456
0.701613	1.579033
0.709677	1.586041
0.717742	1.578077
0.725806	1.588908
0.733871	1.609613
0.741935	1.585085
0.750000	1.594641
0.758064	1.574892
0.766129	1.584767
0.774193	1.581263
0.782258	1.621399
0.790322	1.614391
0.798387	1.603560
0.806451	1.607064
0.814516	1.575211
0.822580	1.576485
0.830645	1.575211
0.838709	1.588271
0.846774	1.566610
0.854838	1.601649
0.862903	1.568840
0.870967	1.592730
0.879032	1.609613
0.887096	1.601649
0.895161	1.608657
0.903225	1.582218
0.911290	1.621399
0.919354	1.596553
0.927419	1.565654
0.935483	1.598145
0.943548	1.576166
0.951612	1.620124
0.959677	1.586678
0.967742	1.612798
0.975806	1.607701
0.983871	1.609931
0.991935	1.580307
1.000000	1.594960
1.008064	1.615346
1.016129	1.571707
1.024193	1.601649
1.032258	1.617258
1.040322	1.626814
1.048387	1.560558
1.056451	1.586997
1.064516	1.599738
1.072580	1.597190
1.080645	1.603242
1.088709	1.623310
1.096774	1.616939
1.104838	1.596871
1.112903	1.560876
1.120967	1.593367
1.129032	1.589863
1.137096	1.608657
1.145161	1.603242
1.153225	1.617895
1.161290	1.591456
1.169354	1.615028
1.177419	1.625540
1.185483	1.606109
1.193548	1.580944
1.201612	1.622354
1.209677	1.612798
1.217741	1.582218
1.225806	1.590182
1.233870	1.586997
1.241935	1.587315
1.249999	1.586997
1.258064	1.574255
1.266128	1.618213
1.274193	1.609294
1.282257	1.612161
1.290322	1.589545
1.298387	1.596553
1.306451	1.596871
1.314516	1.618850
1.322580	1.611842
1.330645	1.621717
1.338709	1.602923
1.346774	1.613754
1.354838	1.618213
1.362903	1.608020
1.370967	1.605472
1.379032	1.603879
1.387096	1.606109
1.395161	1.593049
1.403225	1.578077
1.411290	1.603879
1.419354	1.628406
1.427419	1.617258
1.435483	1.606109
1.443548	1.576485
1.451612	1.614391
1.459677	1.588589
1.467741	1.584448
1.475806	1.582537
1.483870	1.594004
1.491935	1.605790
1.499999	1.608339
1.508064	1.568521
1.516128	1.582856
1.524193	1.557054
1.532257	1.607383
1.540322	1.609931
1.548386	1.599419
1.556451	1.591138
1.564515	1.611842
1.572580	1.572344
1.580644	1.587315
1.588709	1.589226
1.596773	1.594641
1.604838	1.606109
1.612903	1.603242
1.620967	1.585722
1.629032	1.586997
1.637096	1.573936
1.645161	1.637007
1.653225	1.580626
1.661290	1.590500
1.669354	1.623310
1.677419	1.621080
1.685483	1.603879
1.693548	1.568203
1.701612	1.582218
1.709677	1.613435
1.717741	1.585722
1.725806	1.569795
1.733870	1.599419
1.741935	1.618532
1.749999	1.587315
1.758064	1.590182
1.766128	1.591456
1.774193	1.620443
1.782257	1.585722
1.790322	1.617895
1.798386	1.578077
1.806451	1.575529
1.814515	1.584130
1.822580	1.609613
1.830644	1.619806
1.838709	1.610568
1.846773	1.603242
1.854838	1.605472
1.862902	1.584767
1.870967	1.597190
1.879031	1.596234
1.887096	1.614709
1.895160	1.587952
1.903225	1.657393
1.911289	1.577759
1.919354	1.582856
1.927418	1.627769
1.935483	1.580626
1.943548	1.579670
1.951612	1.610250
1.959677	1.568840
1.967741	1.611842
1.975806	1.613435
1.983870	1.599419
1.991935	1.594960
1.999999	1.590500
2.008064	1.610250
2.016128	1.626495
2.024193	1.621717
2.032257	1.594323
2.040322	1.615028
2.048386	1.601331
2.056451	1.602605
2.064515	1.581263
2.072580	1.573299
2.080644	1.609931
2.088709	1.602605
2.096773	1.617895
2.104838	1.591775
2.112902	1.599738
2.120967	1.597190
2.129031	1.625858
2.137096	1.602923
2.145160	1.600375
2.153225	1.622991
2.161289	1.598782
2.169354	1.600694
2.177418	1.626495
2.185483	1.579670
2.193547	1.604835
2.201612	1.583811
2.209676	1.627132
2.217741	1.577759
2.225805	1.623628
2.233870	1.601012
2.241934	1.609613
2.249999	1.620443
2.258064	1.623628
2.266128	1.590182
2.274193	1.590182
2.282257	1.611842
2.290322	1.581581
2.298386	1.602286
2.306451	1.596553
2.314515	1.608976
2.322580	1.606427
2.330644	1.594960
2.338709	1.619487
2.346773	1.594004
2.354838	1.592730
2.362902	1.595597
2.370967	1.566610
2.379031	1.605153
2.387096	1.583493
2.395160	1.615028
2.403225	1.579989
2.411289	1.606109
2.419354	1.612798
2.427418	1.608976
2.435483	1.587952
2.443547	1.590819
2.451612	1.611205
2.459676	1.590500
2.467741	1.617258
2.475805	1.572981
2.483870	1.609613
2.491934	1.608976
2.499999	1.566929
2.508063	1.608339
2.516128	1.585722
2.524192	1.611842
2.532257	1.593049
2.540321	1.589545
2.548386	1.569477
2.556450	1.604516
2.564515	1.602605
2.572579	1.582537
2.580644	1.598782
2.588709	1.615028
2.596773	1.601968
2.604838	1.615665
2.612902	1.618532
2.620967	1.624584
2.629031	1.597190
2.637096	1.574574
2.645160	1.569158
2.653225	1.610887
2.661289	1.607701
2.669354	1.593686
2.677418	1.598782
2.685483	1.574892
2.693547	1.630318
2.701612	1.605790
2.709676	1.601968
2.717741	1.605153
2.725805	1.613117
2.733870	1.583493
2.741934	1.590819
2.749999	1.615346
2.758063	1.605153
2.766128	1.621399
2.774192	1.601331
2.782257	1.586997
2.790321	1.606746
2.798386	1.592730
2.806450	1.621080
2.814515	1.581263
2.822579	1.620443
2.830644	1.621080
2.838708	1.586678
2.846773	1.577759
2.854837	1.610250
2.862902	1.561832
2.870966	1.618850
2.879031	1.589863
2.887095	1.616302
2.895160	1.607064
2.903225	1.578077
2.911289	1.601649
2.919354	1.602923
2.927418	1.557054
2.935483	1.616621
2.943547	1.594004
2.951612	1.605790
2.959676	1.597190
2.967741	1.610250
2.975805	1.614391
2.983870	1.588271
2.991934	1.581263
2.999999	1.592730
3.008063	1.595916
3.016128	1.587952
3.024192	1.615983
3.032257	1.596871
3.040321	1.594323
3.048386	1.601649
3.056450	1.618213
3.064515	1.575848
3.072579	1.603242
3.080644	1.604198
3.088708	1.584767
3.096773	1.615983
3.104837	1.613435
3.112902	1.579033
3.120966	1.581900
3.129031	1.598145
3.137095	1.570751
3.145160	1.589545
3.153224	1.611524
3.161289	1.620124
3.169353	1.574574
3.177418	1.587952
3.185482	1.568203
3.193547	1.588271
3.201611	1.582218
3.209676	1.571070
3.217740	1.589545
3.225805	1.620443
3.233870	1.571707
3.241934	1.628088
3.249999	1.571388
3.258063	1.577759
3.266128	1.581900
3.274192	1.610887
3.282257	1.600057
3.290321	1.618850
3.298386	1.572662
3.306450	1.616939
3.314515	1.619169
3.322579	1.600375
3.330644	1.594960
3.338708	1.585404
3.346773	1.581900
3.354837	1.596871
3.362902	1.580944
3.370966	1.577122
3.379031	1.618532
3.387095	1.603879
3.395160	1.566292
3.403224	1.577440
3.411289	1.626177
3.419353	1.632229
3.427418	1.592730
3.435482	1.597508
3.443547	1.575529
3.451611	1.576166
3.459676	1.579033
3.467740	1.609294
3.475805	1.589226
3.483869	1.599738
3.491934	1.573618
3.499998	1.572662
3.508063	1.561832
3.516127	1.580626
3.524192	1.619487
3.532256	1.594323
3.540321	1.578715
3.548386	1.588908
3.556450	1.577759
3.564515	1.572025
3.572579	1.579033
3.580644	1.594960
3.588708	1.607701
3.596773	1.605790
3.604837	1.574892
3.612902	1.626177
3.620966	1.598782
3.629031	1.593367
3.637095	1.602605
3.645160	1.585722
3.653224	1.620124
3.661289	1.610887
3.669353	1.609613
3.677418	1.607701
3.685482	1.579352
3.693547	1.629044
3.701611	1.586678
3.709676	1.605472
3.717740	1.617258
3.725805	1.603879
3.733869	1.590500
3.741934	1.588908
3.749998	1.598782
3.758063	1.570433
3.766127	1.587315
3.774192	1.577440
3.782256	1.610250
3.790321	1.622354
3.798385	1.567566
3.806450	1.593049
3.814514	1.613117
3.822579	1.584448
3.830643	1.582218
3.838708	1.615983
3.846772	1.580944
3.854837	1.628406
3.862901	1.624265
3.870966	1.618850
3.879031	1.607701
3.887095	1.588589
3.895160	1.627451
3.903224	1.593367
3.911289	1.621717
3.919353	1.611205
3.927418	1.623947
3.935482	1.604835
3.943547	1.620762
3.951611	1.594641
3.959676	1.575529
3.967740	1.619487
3.975805	1.582537
3.983869	1.594641
3.991934	1.603242
3.999998	1.618213
4.008063	1.600375
4.016127	1.582218
4.024192	1.594960
4.032256	1.582537
4.040321	1.598145
4.048385	1.617258
4.056450	1.587952
4.064514	1.561513
4.072579	1.593049
4.080643	1.586997
4.088708	1.615346
4.096772	1.609931
4.104837	1.612480
4.112901	1.593686
4.120966	1.611842
4.129030	1.598145
4.137095	1.553231
4.145159	1.577122
4.153224	1.558965
4.161288	1.609931
4.169353	1.570751
4.177417	1.599419
4.185482	1.577759
4.193547	1.589226
4.201611	1.621399
4.209676	1.574892
4.217740	1.583174
4.225805	1.576803
4.233869	1.584130
4.241934	1.622354
4.249998	1.584767
4.258063	1.578077
4.266127	1.624903
4.274192	1.610887
4.282256	1.579989
4.290321	1.599101
4.298385	1.593686
4.306450	1.563743
4.314514	1.587315
4.322579	1.601331
4.330643	1.594960
4.338708	1.587952
4.346772	1.598782
4.354837	1.614391
4.362901	1.621717
4.370966	1.591138
4.379030	1.603560
4.387095	1.603242
4.395159	1.596553
4.403224	1.621399
4.411288	1.598464
4.419353	1.596553
4.427417	1.615346
4.435482	1.590819
4.443546	1.619169
4.451611	1.597508
4.459675	1.621399
4.467740	1.570114
4.475804	1.596553
4.483869	1.619487
4.491933	1.573299
4.499998	1.579670
4.508062	1.594004
4.516127	1.604516
4.524192	1.600375
4.532256	1.580944
4.540321	1.619487
4.548385	1.570114
4.556450	1.574574
4.564514	1.585722
4.572579	1.554506
4.580643	1.600057
4.588708	1.574255
4.596772	1.603242
4.604837	1.590819
4.612901	1.613754
4.620966	1.620124
4.629030	1.612798
4.637095	1.589226
4.645159	1.577759
4.653224	1.629362
4.661288	1.591138
4.669353	1.580307
4.677417	1.596871
4.685482	1.613435
4.693546	1.596553
4.701611	1.579033
4.709675	1.597508
4.717740	1.593367
4.725804	1.614709
4.733869	1.614072
4.741933	1.594004
4.749998	1.601649
4.758062	1.612798
4.766127	1.536986
4.774191	1.625540
4.782256	1.583493
4.790320	1.598145
4.798385	1.555143
4.806449	1.576485
4.814514	1.616621
4.822578	1.603560
4.830643	1.604835
4.838708	1.591456
4.846772	1.583174
4.854837	1.615665
4.862901	1.577440
4.870966	1.601649
4.879030	1.601331
4.887095	1.561832
4.895159	1.612480
4.903224	1.603879
4.911288	1.565017
4.919353	1.611205
4.927417	1.575848
4.935482	1.603242
4.943546	1.615028
4.951611	1.618850
4.959675	1.593049
4.967740	1.596553
4.975804	1.585085
4.983869	1.592730
4.991933	1.574574

