LabVIEW Measurement	
Writer_Version	2
Reader_Version	2
Separator	Tab
Decimal_Separator	.
Multi_Headings	Yes
X_Columns	One
Time_Pref	Absolute
Operator	labuser
Date	2023/05/16
Time	11:18:12.4435653624997739771
***End_of_Header***	
	
Channels	1	
Samples	620	
Date	2023/05/16	
Time	11:18:12.4435653624997739771	
Y_Unit_Label	Volts	
X_Dimension	Time	
X0	0.0000000000000000E+0	
Delta_X	0.008065	
***End_of_Header***		
X_Value	Voltage	Comment
0.000000	1.649430
0.008065	1.632547
0.016129	1.665675
0.024194	1.601331
0.032258	1.650386
0.040323	1.624903
0.048387	1.646563
0.056452	1.626495
0.064516	1.634459
0.072581	1.649111
0.080645	1.624265
0.088710	1.646245
0.096774	1.629362
0.104839	1.657712
0.112903	1.624584
0.120968	1.632547
0.129032	1.638281
0.137097	1.635733
0.145161	1.662171
0.153226	1.612798
0.161290	1.646245
0.169355	1.631592
0.177419	1.655164
0.185484	1.610568
0.193548	1.650386
0.201613	1.621399
0.209677	1.653571
0.217742	1.626177
0.225806	1.649111
0.233871	1.620762
0.241935	1.647837
0.250000	1.640829
0.258064	1.647200
0.266129	1.629681
0.274193	1.658668
0.282258	1.621080
0.290322	1.655164
0.298387	1.624903
0.306451	1.648793
0.314516	1.640511
0.322581	1.642422
0.330645	1.629999
0.338710	1.639555
0.346774	1.642104
0.354839	1.625540
0.362903	1.650386
0.370968	1.624265
0.379032	1.635733
0.387097	1.633503
0.395161	1.639874
0.403226	1.650386
0.411290	1.611205
0.419355	1.645608
0.427419	1.623310
0.435484	1.641785
0.443548	1.630955
0.451613	1.637007
0.459677	1.642422
0.467742	1.651023
0.475806	1.629362
0.483871	1.653571
0.491935	1.623947
0.500000	1.646563
0.508064	1.626814
0.516129	1.654208
0.524193	1.613754
0.532258	1.635096
0.540322	1.638281
0.548387	1.630318
0.556451	1.682876
0.564516	1.631592
0.572580	1.633822
0.580645	1.637326
0.588709	1.638918
0.596774	1.627132
0.604838	1.636688
0.612903	1.658668
0.620967	1.633822
0.629032	1.620443
0.637096	1.668542
0.645161	1.617576
0.653226	1.642104
0.661290	1.634777
0.669355	1.643378
0.677419	1.629999
0.685484	1.630318
0.693548	1.642741
0.701613	1.652615
0.709677	1.642104
0.717742	1.639555
0.725806	1.632866
0.733871	1.621080
0.741935	1.647837
0.750000	1.629999
0.758064	1.639237
0.766129	1.635414
0.774193	1.641467
0.782258	1.641467
0.790322	1.619487
0.798387	1.644333
0.806451	1.614709
0.814516	1.646563
0.822580	1.617576
0.830645	1.650067
0.838709	1.604516
0.846774	1.666950
0.854838	1.612161
0.862903	1.646245
0.870967	1.623628
0.879032	1.651341
0.887096	1.612480
0.895161	1.652934
0.903225	1.627132
0.911290	1.662490
0.919354	1.645926
0.927419	1.608976
0.935483	1.657712
0.943548	1.575211
0.951612	1.651341
0.959677	1.633503
0.967742	1.630636
0.975806	1.635733
0.983871	1.642741
0.991935	1.638918
1.000000	1.630318
1.008064	1.645289
1.016129	1.627451
1.024193	1.649749
1.032258	1.627451
1.040322	1.642422
1.048387	1.634459
1.056451	1.643378
1.064516	1.629999
1.072580	1.635733
1.080645	1.636688
1.088709	1.657712
1.096774	1.625221
1.104838	1.630955
1.112903	1.644333
1.120967	1.631273
1.129032	1.642741
1.137096	1.628725
1.145161	1.651023
1.153225	1.618532
1.161290	1.643696
1.169354	1.637326
1.177419	1.637326
1.185483	1.633185
1.193548	1.665675
1.201612	1.629362
1.209677	1.661216
1.217741	1.634140
1.225806	1.629362
1.233870	1.651978
1.241935	1.625858
1.249999	1.629999
1.258064	1.646245
1.266128	1.620443
1.274193	1.656119
1.282257	1.614709
1.290322	1.654527
1.298387	1.596553
1.306451	1.641467
1.314516	1.621717
1.322580	1.644970
1.330645	1.632229
1.338709	1.677143
1.346774	1.617576
1.354838	1.652615
1.362903	1.618850
1.370967	1.634140
1.379032	1.643059
1.387096	1.603242
1.395161	1.641467
1.403225	1.615028
1.411290	1.643059
1.419354	1.634459
1.427419	1.634777
1.435483	1.652934
1.443548	1.620443
1.451612	1.658349
1.459677	1.624265
1.467741	1.661216
1.475806	1.618213
1.483870	1.643378
1.491935	1.629044
1.499999	1.650386
1.508064	1.630318
1.516128	1.644333
1.524193	1.625858
1.532257	1.649749
1.540322	1.622991
1.548386	1.622673
1.556451	1.635414
1.564515	1.632229
1.572580	1.628406
1.580644	1.628725
1.588709	1.640511
1.596773	1.638918
1.604838	1.642741
1.612903	1.645289
1.620967	1.634459
1.629032	1.646563
1.637096	1.635096
1.645161	1.647837
1.653225	1.633822
1.661290	1.641785
1.669354	1.658986
1.677419	1.614072
1.685483	1.641785
1.693548	1.645289
1.701612	1.645926
1.709677	1.658986
1.717741	1.625221
1.725806	1.643378
1.733870	1.628725
1.741935	1.645608
1.749999	1.638281
1.758064	1.659942
1.766128	1.626495
1.774193	1.639874
1.782257	1.646245
1.790322	1.645289
1.798386	1.672046
1.806451	1.631592
1.814515	1.622991
1.822580	1.640192
1.830644	1.643059
1.838709	1.645926
1.846773	1.629362
1.854838	1.652615
1.862902	1.635733
1.870967	1.632547
1.879031	1.641467
1.887096	1.645926
1.895160	1.625221
1.903225	1.655801
1.911289	1.629362
1.919354	1.653889
1.927418	1.629044
1.935483	1.636370
1.943548	1.637963
1.951612	1.619806
1.959677	1.639237
1.967741	1.631910
1.975806	1.634459
1.983870	1.663446
1.991935	1.617895
1.999999	1.637007
2.008064	1.651660
2.016128	1.635096
2.024193	1.631910
2.032257	1.649111
2.040322	1.619169
2.048386	1.649749
2.056451	1.613754
2.064515	1.655482
2.072580	1.608976
2.080644	1.649749
2.088709	1.625540
2.096773	1.645289
2.104838	1.629681
2.112902	1.651023
2.120967	1.637963
2.129031	1.650386
2.137096	1.617258
2.145160	1.635733
2.153225	1.626177
2.161289	1.665038
2.169354	1.621080
2.177418	1.656756
2.185483	1.634140
2.193547	1.652297
2.201612	1.628725
2.209676	1.633503
2.217741	1.627132
2.225805	1.639874
2.233870	1.651023
2.241934	1.629362
2.249999	1.643696
2.258064	1.633822
2.266128	1.641785
2.274193	1.626495
2.282257	1.654845
2.290322	1.630636
2.298386	1.627132
2.306451	1.633503
2.314515	1.638918
2.322580	1.646563
2.330644	1.628725
2.338709	1.637644
2.346773	1.644652
2.354838	1.651341
2.362902	1.623310
2.370967	1.649111
2.379031	1.614709
2.387096	1.666312
2.395160	1.632229
2.403225	1.625858
2.411289	1.639237
2.419354	1.624903
2.427418	1.646882
2.435483	1.636370
2.443547	1.637963
2.451612	1.638281
2.459676	1.653889
2.467741	1.649749
2.475805	1.628406
2.483870	1.633185
2.491934	1.645926
2.499999	1.654208
2.508063	1.637326
2.516128	1.625858
2.524192	1.644015
2.532257	1.631592
2.540321	1.635414
2.548386	1.660897
2.556450	1.630955
2.564515	1.643059
2.572579	1.641785
2.580644	1.638600
2.588709	1.640829
2.596773	1.653252
2.604838	1.627769
2.612902	1.652297
2.620967	1.633503
2.629031	1.635096
2.637096	1.653889
2.645160	1.644333
2.653225	1.635096
2.661289	1.646245
2.669354	1.624903
2.677418	1.653889
2.685483	1.583174
2.693547	1.640192
2.701612	1.636370
2.709676	1.641148
2.717741	1.639237
2.725805	1.630955
2.733870	1.645926
2.741934	1.644652
2.749999	1.638600
2.758063	1.640829
2.766128	1.643378
2.774192	1.648156
2.782257	1.631273
2.790321	1.648793
2.798386	1.643696
2.806450	1.639874
2.814515	1.650704
2.822579	1.632866
2.830644	1.651660
2.838708	1.623628
2.846773	1.633822
2.854837	1.644333
2.862902	1.635096
2.870966	1.623628
2.879031	1.654208
2.887095	1.617895
2.895160	1.642422
2.903225	1.640829
2.911289	1.641467
2.919354	1.633185
2.927418	1.633822
2.935483	1.661534
2.943547	1.600057
2.951612	1.648156
2.959676	1.628406
2.967741	1.640511
2.975805	1.635414
2.983870	1.641148
2.991934	1.637326
2.999999	1.644970
3.008063	1.645289
3.016128	1.626814
3.024192	1.649430
3.032257	1.633822
3.040321	1.636370
3.048386	1.657075
3.056450	1.636051
3.064515	1.638281
3.072579	1.650386
3.080644	1.633822
3.088708	1.641148
3.096773	1.643378
3.104837	1.627769
3.112902	1.638600
3.120966	1.644015
3.129031	1.617258
3.137095	1.646563
3.145160	1.622036
3.153224	1.665357
3.161289	1.608657
3.169353	1.638281
3.177418	1.629681
3.185482	1.640511
3.193547	1.632866
3.201611	1.634777
3.209676	1.642422
3.217740	1.644333
3.225805	1.650704
3.233870	1.642422
3.241934	1.624584
3.249999	1.641467
3.258063	1.628406
3.266128	1.658668
3.274192	1.630318
3.282257	1.631910
3.290321	1.636688
3.298386	1.657075
3.306450	1.615346
3.314515	1.649749
3.322579	1.631273
3.330644	1.643059
3.338708	1.638600
3.346773	1.647200
3.354837	1.642741
3.362902	1.620443
3.370966	1.651341
3.379031	1.624584
3.387095	1.654845
3.395160	1.613754
3.403224	1.646563
3.411289	1.622036
3.419353	1.653889
3.427418	1.619487
3.435482	1.645608
3.443547	1.629362
3.451611	1.644015
3.459676	1.624903
3.467740	1.640192
3.475805	1.647837
3.483869	1.624265
3.491934	1.643378
3.499998	1.628088
3.508063	1.656756
3.516127	1.625858
3.524192	1.649111
3.532256	1.594004
3.540321	1.635096
3.548386	1.625858
3.556450	1.635096
3.564515	1.635733
3.572579	1.641148
3.580644	1.632229
3.588708	1.643059
3.596773	1.558647
3.604837	1.631273
3.612902	1.622354
3.620966	1.658349
3.629031	1.597827
3.637095	1.656438
3.645160	1.596871
3.653224	1.636370
3.661289	1.645289
3.669353	1.647519
3.677418	1.644652
3.685482	1.622036
3.693547	1.645289
3.701611	1.641148
3.709676	1.660897
3.717740	1.644015
3.725805	1.634459
3.733869	1.635414
3.741934	1.654845
3.749998	1.628088
3.758063	1.650386
3.766127	1.623947
3.774192	1.637007
3.782256	1.624903
3.790321	1.656756
3.798385	1.617258
3.806450	1.627132
3.814514	1.644015
3.822579	1.641148
3.830643	1.649430
3.838708	1.623947
3.846772	1.647200
3.854837	1.626814
3.862901	1.637326
3.870966	1.650704
3.879031	1.625858
3.887095	1.638600
3.895160	1.648793
3.903224	1.634777
3.911289	1.645926
3.919353	1.633822
3.927418	1.635096
3.935482	1.661216
3.943547	1.620124
3.951611	1.656438
3.959676	1.627769
3.967740	1.625221
3.975805	1.651660
3.983869	1.568521
3.991934	1.637007
3.999998	1.631592
4.008063	1.649430
4.016127	1.623628
4.024192	1.635096
4.032256	1.645289
4.040321	1.638918
4.048385	1.641467
4.056450	1.656119
4.064514	1.631273
4.072579	1.674276
4.080643	1.606427
4.088708	1.640192
4.096772	1.641148
4.104837	1.631592
4.112901	1.658349
4.120966	1.617576
4.129030	1.629999
4.137095	1.626177
4.145159	1.635733
4.153224	1.637644
4.161288	1.584130
4.169353	1.654527
4.177417	1.617895
4.185482	1.642104
4.193547	1.624265
4.201611	1.645289
4.209676	1.646245
4.217740	1.621399
4.225805	1.636688
4.233869	1.641148
4.241934	1.638600
4.249998	1.624584
4.258063	1.627451
4.266127	1.627451
4.274192	1.643059
4.282256	1.629999
4.290321	1.665357
4.298385	1.600057
4.306450	1.642422
4.314514	1.619806
4.322579	1.670772
4.330643	1.613754
4.338708	1.674276
4.346772	1.620762
4.354837	1.619806
4.362901	1.652934
4.370966	1.618532
4.379030	1.648793
4.387095	1.617895
4.395159	1.658986
4.403224	1.617258
4.411288	1.650704
4.419353	1.632547
4.427417	1.638600
4.435482	1.639555
4.443546	1.624265
4.451611	1.646563
4.459675	1.612798
4.467740	1.656438
4.475804	1.641785
4.483869	1.635733
4.491933	1.647519
4.499998	1.615665
4.508062	1.631910
4.516127	1.652297
4.524192	1.641467
4.532256	1.632547
4.540321	1.640192
4.548385	1.646882
4.556450	1.628088
4.564514	1.648474
4.572579	1.646563
4.580643	1.624265
4.588708	1.641148
4.596772	1.636370
4.604837	1.669498
4.612901	1.602605
4.620966	1.660260
4.629030	1.622673
4.637095	1.663127
4.645159	1.620762
4.653224	1.656438
4.661288	1.618213
4.669353	1.638918
4.677417	1.655482
4.685482	1.625221
4.693546	1.654845
4.701611	1.631273
4.709675	1.646563
4.717740	1.639555
4.725804	1.636370
4.733869	1.629044
4.741933	1.598464
4.749998	1.664401
4.758062	1.611842
4.766127	1.642741
4.774191	1.642741
4.782256	1.643696
4.790320	1.644333
4.798385	1.646882
4.806449	1.637326
4.814514	1.639874
4.822578	1.562469
4.830643	1.628725
4.838708	1.627769
4.846772	1.629044
4.854837	1.629999
4.862901	1.648156
4.870966	1.634777
4.879030	1.646882
4.887095	1.613435
4.895159	1.644333
4.903224	1.623310
4.911288	1.651023
4.919353	1.641467
4.927417	1.657075
4.935482	1.616302
4.943546	1.662171
4.951611	1.614072
4.959675	1.644333
4.967740	1.638600
4.975804	1.642741
4.983869	1.643378
4.991933	1.620762

