LabVIEW Measurement	
Writer_Version	2
Reader_Version	2
Separator	Tab
Decimal_Separator	.
Multi_Headings	Yes
X_Columns	One
Time_Pref	Absolute
Operator	labuser
Date	2023/05/16
Time	11:04:01.5443702624997217809
***End_of_Header***	
	
Channels	1	
Samples	620	
Date	2023/05/16	
Time	11:04:01.5443702624997217809	
Y_Unit_Label	Volts	
X_Dimension	Time	
X0	0.0000000000000000E+0	
Delta_X	0.008065	
***End_of_Header***		
X_Value	Voltage	Comment
0.000000	1.613754
0.008065	1.567884
0.016129	1.574255
0.024194	1.576485
0.032258	1.601968
0.040323	1.581263
0.048387	1.606109
0.056452	1.588589
0.064516	1.556098
0.072581	1.616939
0.080645	1.599738
0.088710	1.600694
0.096774	1.601649
0.104839	1.586678
0.112903	1.613754
0.120968	1.613117
0.129032	1.558328
0.137097	1.588908
0.145161	1.573299
0.153226	1.594323
0.161290	1.580944
0.169355	1.575848
0.177419	1.597190
0.185484	1.583811
0.193548	1.596871
0.201613	1.597190
0.209677	1.584767
0.217742	1.576803
0.225806	1.580307
0.233871	1.617258
0.241935	1.558328
0.250000	1.562469
0.258064	1.556417
0.266129	1.580944
0.274193	1.608657
0.282258	1.594323
0.290322	1.577440
0.298387	1.574892
0.306451	1.576485
0.314516	1.559602
0.322581	1.593049
0.330645	1.601331
0.338710	1.572344
0.346774	1.610887
0.354839	1.610887
0.362903	1.587634
0.370968	1.586359
0.379032	1.598145
0.387097	1.605153
0.395161	1.593049
0.403226	1.594960
0.411290	1.579033
0.419355	1.599101
0.427419	1.612480
0.435484	1.575848
0.443548	1.589863
0.451613	1.572025
0.459677	1.583811
0.467742	1.589863
0.475806	1.571707
0.483871	1.603560
0.491935	1.601649
0.500000	1.597190
0.508064	1.593049
0.516129	1.601968
0.524193	1.596553
0.532258	1.584767
0.540322	1.616302
0.548387	1.566610
0.556451	1.581581
0.564516	1.607064
0.572580	1.618850
0.580645	1.575848
0.588709	1.557372
0.596774	1.586997
0.604838	1.588908
0.612903	1.622673
0.620967	1.628088
0.629032	1.580626
0.637096	1.609931
0.645161	1.604198
0.653226	1.593367
0.661290	1.573299
0.669355	1.582856
0.677419	1.586041
0.685484	1.577759
0.693548	1.589545
0.701613	1.600057
0.709677	1.599101
0.717742	1.588271
0.725806	1.580944
0.733871	1.574255
0.741935	1.591775
0.750000	1.583174
0.758064	1.594960
0.766129	1.573936
0.774193	1.590182
0.782258	1.586678
0.790322	1.593686
0.798387	1.597190
0.806451	1.564699
0.814516	1.586041
0.822580	1.581900
0.830645	1.565336
0.838709	1.588589
0.846774	1.572344
0.854838	1.577440
0.862903	1.586678
0.870967	1.591775
0.879032	1.566929
0.887096	1.594641
0.895161	1.597190
0.903225	1.602286
0.911290	1.597508
0.919354	1.602923
0.927419	1.582856
0.935483	1.608020
0.943548	1.572344
0.951612	1.580944
0.959677	1.601649
0.967742	1.595279
0.975806	1.584130
0.983871	1.580626
0.991935	1.581581
1.000000	1.576166
1.008064	1.600375
1.016129	1.598782
1.024193	1.576485
1.032258	1.608657
1.040322	1.605472
1.048387	1.593686
1.056451	1.583811
1.064516	1.607701
1.072580	1.615665
1.080645	1.589545
1.088709	1.607064
1.096774	1.587315
1.104838	1.561195
1.112903	1.585404
1.120967	1.620443
1.129032	1.579033
1.137096	1.588908
1.145161	1.570433
1.153225	1.600375
1.161290	1.576803
1.169354	1.578715
1.177419	1.569477
1.185483	1.599738
1.193548	1.571707
1.201612	1.567247
1.209677	1.568203
1.217741	1.605472
1.225806	1.610250
1.233870	1.580626
1.241935	1.586678
1.249999	1.579033
1.258064	1.605153
1.266128	1.593049
1.274193	1.590500
1.282257	1.587315
1.290322	1.592093
1.298387	1.588908
1.306451	1.602286
1.314516	1.611205
1.322580	1.607383
1.330645	1.591138
1.338709	1.578396
1.346774	1.584448
1.354838	1.612480
1.362903	1.582218
1.370967	1.601012
1.379032	1.623310
1.387096	1.601649
1.395161	1.634140
1.403225	1.604198
1.411290	1.592730
1.419354	1.596234
1.427419	1.605153
1.435483	1.579670
1.443548	1.611205
1.451612	1.564062
1.459677	1.609613
1.467741	1.580944
1.475806	1.604835
1.483870	1.610250
1.491935	1.611524
1.499999	1.583174
1.508064	1.576485
1.516128	1.556417
1.524193	1.602605
1.532257	1.588271
1.540322	1.591775
1.548386	1.595916
1.556451	1.588908
1.564515	1.607064
1.572580	1.619169
1.580644	1.581900
1.588709	1.600057
1.596773	1.578396
1.604838	1.570433
1.612903	1.606746
1.620967	1.594960
1.629032	1.579670
1.637096	1.601649
1.645161	1.570751
1.653225	1.596553
1.661290	1.592730
1.669354	1.602286
1.677419	1.596871
1.685483	1.604516
1.693548	1.557691
1.701612	1.575529
1.709677	1.569795
1.717741	1.576485
1.725806	1.573299
1.733870	1.588271
1.741935	1.591775
1.749999	1.604198
1.758064	1.599738
1.766128	1.586997
1.774193	1.575211
1.782257	1.586678
1.790322	1.571707
1.798386	1.590500
1.806451	1.573936
1.814515	1.603560
1.822580	1.599101
1.830644	1.597508
1.838709	1.585085
1.846773	1.592730
1.854838	1.614709
1.862902	1.593686
1.870967	1.573936
1.879031	1.586678
1.887096	1.579033
1.895160	1.601649
1.903225	1.596871
1.911289	1.603242
1.919354	1.575529
1.927418	1.590182
1.935483	1.579352
1.943548	1.594960
1.951612	1.568840
1.959677	1.614391
1.967741	1.583493
1.975806	1.599419
1.983870	1.572025
1.991935	1.586678
1.999999	1.592093
2.008064	1.585085
2.016128	1.587634
2.024193	1.610887
2.032257	1.556735
2.040322	1.591138
2.048386	1.589226
2.056451	1.573299
2.064515	1.574574
2.072580	1.591456
2.080644	1.617258
2.088709	1.580307
2.096773	1.598782
2.104838	1.596553
2.112902	1.597190
2.120967	1.567247
2.129031	1.613435
2.137096	1.603560
2.145160	1.565654
2.153225	1.583811
2.161289	1.579033
2.169354	1.573936
2.177418	1.603242
2.185483	1.597508
2.193547	1.597190
2.201612	1.587315
2.209676	1.592730
2.217741	1.556098
2.225805	1.600694
2.233870	1.558010
2.241934	1.577440
2.249999	1.585085
2.258064	1.599738
2.266128	1.574574
2.274193	1.589863
2.282257	1.574255
2.290322	1.567247
2.298386	1.586041
2.306451	1.563425
2.314515	1.568840
2.322580	1.561513
2.330644	1.576803
2.338709	1.583493
2.346773	1.569158
2.354838	1.553550
2.362902	1.610568
2.370967	1.607701
2.379031	1.591138
2.387096	1.608657
2.395160	1.587634
2.403225	1.582856
2.411289	1.590500
2.419354	1.595279
2.427418	1.619806
2.435483	1.577122
2.443547	1.604198
2.451612	1.575211
2.459676	1.601012
2.467741	1.597508
2.475805	1.594323
2.483870	1.581900
2.491934	1.566292
2.499999	1.597508
2.508063	1.607701
2.516128	1.614391
2.524192	1.597827
2.532257	1.610568
2.540321	1.596871
2.548386	1.597190
2.556450	1.569477
2.564515	1.579989
2.572579	1.613754
2.580644	1.585722
2.588709	1.594641
2.596773	1.573299
2.604838	1.609294
2.612902	1.615983
2.620967	1.581900
2.629031	1.569795
2.637096	1.584130
2.645160	1.606746
2.653225	1.591456
2.661289	1.566929
2.669354	1.594004
2.677418	1.570433
2.685483	1.605790
2.693547	1.602923
2.701612	1.624903
2.709676	1.587952
2.717741	1.572662
2.725805	1.581581
2.733870	1.604516
2.741934	1.552594
2.749999	1.591138
2.758063	1.571707
2.766128	1.560239
2.774192	1.586041
2.782257	1.603560
2.790321	1.584130
2.798386	1.609294
2.806450	1.575848
2.814515	1.579989
2.822579	1.615028
2.830644	1.567247
2.838708	1.600694
2.846773	1.593367
2.854837	1.599101
2.862902	1.567566
2.870966	1.587315
2.879031	1.593049
2.887095	1.607701
2.895160	1.588589
2.903225	1.592093
2.911289	1.604198
2.919354	1.595916
2.927418	1.615028
2.935483	1.574574
2.943547	1.580944
2.951612	1.586359
2.959676	1.584130
2.967741	1.603242
2.975805	1.568203
2.983870	1.611205
2.991934	1.599419
2.999999	1.608339
3.008063	1.599101
3.016128	1.604198
3.024192	1.590819
3.032257	1.591775
3.040321	1.580307
3.048386	1.592093
3.056450	1.562151
3.064515	1.602923
3.072579	1.585404
3.080644	1.589226
3.088708	1.579989
3.096773	1.601331
3.104837	1.579352
3.112902	1.571707
3.120966	1.585085
3.129031	1.595279
3.137095	1.592412
3.145160	1.584130
3.153224	1.605472
3.161289	1.595597
3.169353	1.608339
3.177418	1.626814
3.185482	1.606746
3.193547	1.609613
3.201611	1.585085
3.209676	1.589863
3.217740	1.611205
3.225805	1.578715
3.233870	1.594323
3.241934	1.574574
3.249999	1.596234
3.258063	1.597508
3.266128	1.587315
3.274192	1.581900
3.282257	1.591775
3.290321	1.585722
3.298386	1.554824
3.306450	1.582856
3.314515	1.577440
3.322579	1.589226
3.330644	1.579989
3.338708	1.585085
3.346773	1.582537
3.354837	1.607064
3.362902	1.583493
3.370966	1.599419
3.379031	1.590819
3.387095	1.566292
3.395160	1.565973
3.403224	1.596234
3.411289	1.588908
3.419353	1.587952
3.427418	1.584767
3.435482	1.604835
3.443547	1.594004
3.451611	1.611524
3.459676	1.608657
3.467740	1.606746
3.475805	1.588589
3.483869	1.579989
3.491934	1.578077
3.499998	1.616621
3.508063	1.583493
3.516127	1.583493
3.524192	1.579989
3.532256	1.590500
3.540321	1.572662
3.548386	1.594004
3.556450	1.580944
3.564515	1.597827
3.572579	1.602286
3.580644	1.613117
3.588708	1.610250
3.596773	1.601331
3.604837	1.573299
3.612902	1.580626
3.620966	1.585722
3.629031	1.596553
3.637095	1.558965
3.645160	1.579033
3.653224	1.589226
3.661289	1.615665
3.669353	1.566292
3.677418	1.577759
3.685482	1.588908
3.693547	1.611524
3.701611	1.596871
3.709676	1.599738
3.717740	1.547816
3.725805	1.579989
3.733869	1.566929
3.741934	1.585085
3.749998	1.596234
3.758063	1.621399
3.766127	1.572344
3.774192	1.583493
3.782256	1.595916
3.790321	1.589226
3.798385	1.585085
3.806450	1.569158
3.814514	1.586041
3.822579	1.588271
3.830643	1.590182
3.838708	1.605472
3.846772	1.604198
3.854837	1.606427
3.862901	1.573299
3.870966	1.594323
3.879031	1.598782
3.887095	1.584130
3.895160	1.581263
3.903224	1.613117
3.911289	1.603879
3.919353	1.560876
3.927418	1.607064
3.935482	1.615028
3.943547	1.583174
3.951611	1.602286
3.959676	1.599738
3.967740	1.591456
3.975805	1.584130
3.983869	1.617258
3.991934	1.582856
3.999998	1.568521
4.008063	1.588908
4.016127	1.570114
4.024192	1.603879
4.032256	1.582537
4.040321	1.583811
4.048385	1.597190
4.056450	1.589226
4.064514	1.584767
4.072579	1.612798
4.080643	1.592412
4.088708	1.605153
4.096772	1.582218
4.104837	1.587952
4.112901	1.602605
4.120966	1.579033
4.129030	1.592730
4.137095	1.571070
4.145159	1.582856
4.153224	1.596234
4.161288	1.586041
4.169353	1.583811
4.177417	1.593686
4.185482	1.581900
4.193547	1.602605
4.201611	1.602923
4.209676	1.601649
4.217740	1.568840
4.225805	1.605472
4.233869	1.589226
4.241934	1.587952
4.249998	1.595279
4.258063	1.608020
4.266127	1.580944
4.274192	1.586041
4.282256	1.618532
4.290321	1.558647
4.298385	1.603879
4.306450	1.616302
4.314514	1.596234
4.322579	1.598464
4.330643	1.605472
4.338708	1.615983
4.346772	1.580944
4.354837	1.584767
4.362901	1.567566
4.370966	1.576166
4.379030	1.594641
4.387095	1.586678
4.395159	1.615983
4.403224	1.612798
4.411288	1.565973
4.419353	1.587952
4.427417	1.570751
4.435482	1.617258
4.443546	1.616621
4.451611	1.585722
4.459675	1.596871
4.467740	1.586678
4.475804	1.570433
4.483869	1.609294
4.491933	1.591775
4.499998	1.609931
4.508062	1.564380
4.516127	1.591456
4.524192	1.589545
4.532256	1.588589
4.540321	1.590819
4.548385	1.590500
4.556450	1.588271
4.564514	1.584130
4.572579	1.576166
4.580643	1.594641
4.588708	1.578077
4.596772	1.598782
4.604837	1.584448
4.612901	1.577122
4.620966	1.616302
4.629030	1.561832
4.637095	1.601331
4.645159	1.602605
4.653224	1.586359
4.661288	1.572344
4.669353	1.605153
4.677417	1.576166
4.685482	1.590182
4.693546	1.602605
4.701611	1.607701
4.709675	1.598782
4.717740	1.587952
4.725804	1.589863
4.733869	1.595597
4.741933	1.602286
4.749998	1.576803
4.758062	1.554187
4.766127	1.578396
4.774191	1.592730
4.782256	1.572344
4.790320	1.581263
4.798385	1.603242
4.806449	1.587952
4.814514	1.586678
4.822578	1.588271
4.830643	1.600694
4.838708	1.610250
4.846772	1.588589
4.854837	1.592093
4.862901	1.589863
4.870966	1.593367
4.879030	1.583493
4.887095	1.598145
4.895159	1.601331
4.903224	1.575211
4.911288	1.620443
4.919353	1.573299
4.927417	1.594323
4.935482	1.605153
4.943546	1.567247
4.951611	1.592730
4.959675	1.595279
4.967740	1.608020
4.975804	1.601331
4.983869	1.592412
4.991933	1.579670

