LabVIEW Measurement	
Writer_Version	2
Reader_Version	2
Separator	Tab
Decimal_Separator	.
Multi_Headings	Yes
X_Columns	One
Time_Pref	Absolute
Operator	labuser
Date	2023/05/16
Time	10:55:33.0197432624999934297
***End_of_Header***	
	
Channels	1	
Samples	620	
Date	2023/05/16	
Time	10:55:33.0197432624999934297	
Y_Unit_Label	Volts	
X_Dimension	Time	
X0	0.0000000000000000E+0	
Delta_X	0.008065	
***End_of_Header***		
X_Value	Voltage	Comment
0.000000	1.646563
0.008065	1.618850
0.016129	1.627769
0.024194	1.620443
0.032258	1.615983
0.040323	1.638600
0.048387	1.622673
0.056452	1.624584
0.064516	1.640829
0.072581	1.604516
0.080645	1.619487
0.088710	1.644333
0.096774	1.614072
0.104839	1.622354
0.112903	1.631273
0.120968	1.619487
0.129032	1.631910
0.137097	1.633185
0.145161	1.612161
0.153226	1.639874
0.161290	1.617895
0.169355	1.621399
0.177419	1.638918
0.185484	1.609931
0.193548	1.620124
0.201613	1.650386
0.209677	1.597190
0.217742	1.634777
0.225806	1.630318
0.233871	1.617576
0.241935	1.637963
0.250000	1.599419
0.258064	1.613435
0.266129	1.640511
0.274193	1.602605
0.282258	1.629999
0.290322	1.649749
0.298387	1.604198
0.306451	1.629044
0.314516	1.643696
0.322581	1.627451
0.330645	1.628406
0.338710	1.630318
0.346774	1.622991
0.354839	1.640511
0.362903	1.623628
0.370968	1.609931
0.379032	1.617576
0.387097	1.633503
0.395161	1.604835
0.403226	1.646563
0.411290	1.590819
0.419355	1.626814
0.427419	1.630318
0.435484	1.613435
0.443548	1.629681
0.451613	1.636051
0.459677	1.617895
0.467742	1.635733
0.475806	1.610568
0.483871	1.620443
0.491935	1.641467
0.500000	1.621080
0.508064	1.627132
0.516129	1.653889
0.524193	1.622354
0.532258	1.627769
0.540322	1.646882
0.548387	1.608976
0.556451	1.631273
0.564516	1.648474
0.572580	1.621080
0.580645	1.637007
0.588709	1.622036
0.596774	1.602605
0.604838	1.641467
0.612903	1.618213
0.620967	1.625540
0.629032	1.636051
0.637096	1.604198
0.645161	1.627451
0.653226	1.652297
0.661290	1.580307
0.669355	1.632229
0.677419	1.638600
0.685484	1.616621
0.693548	1.633503
0.701613	1.639874
0.709677	1.583493
0.717742	1.640511
0.725806	1.627451
0.733871	1.606746
0.741935	1.636370
0.750000	1.630636
0.758064	1.624903
0.766129	1.644015
0.774193	1.615665
0.782258	1.622991
0.790322	1.641785
0.798387	1.621080
0.806451	1.634459
0.814516	1.647837
0.822580	1.605472
0.830645	1.629999
0.838709	1.622673
0.846774	1.616302
0.854838	1.626177
0.862903	1.619169
0.870967	1.621399
0.879032	1.639555
0.887096	1.627132
0.895161	1.627769
0.903225	1.622354
0.911290	1.619487
0.919354	1.630318
0.927419	1.643059
0.935483	1.636051
0.943548	1.637326
0.951612	1.631273
0.959677	1.615665
0.967742	1.628406
0.975806	1.626814
0.983871	1.616939
0.991935	1.641148
1.000000	1.605790
1.008064	1.623310
1.016129	1.640829
1.024193	1.612798
1.032258	1.629999
1.040322	1.608976
1.048387	1.617258
1.056451	1.633822
1.064516	1.636051
1.072580	1.617258
1.080645	1.649111
1.088709	1.613754
1.096774	1.596234
1.104838	1.640511
1.112903	1.619487
1.120967	1.619169
1.129032	1.644333
1.137096	1.615028
1.145161	1.620762
1.153225	1.640192
1.161290	1.628406
1.169354	1.625540
1.177419	1.649430
1.185483	1.591775
1.193548	1.617258
1.201612	1.596871
1.209677	1.620443
1.217741	1.629362
1.225806	1.642422
1.233870	1.616302
1.241935	1.629999
1.249999	1.633822
1.258064	1.601012
1.266128	1.631910
1.274193	1.618213
1.282257	1.611842
1.290322	1.634140
1.298387	1.636370
1.306451	1.612798
1.314516	1.637644
1.322580	1.636688
1.330645	1.621399
1.338709	1.630636
1.346774	1.621717
1.354838	1.630318
1.362903	1.634459
1.370967	1.616939
1.379032	1.632229
1.387096	1.630955
1.395161	1.614391
1.403225	1.625858
1.411290	1.613435
1.419354	1.616939
1.427419	1.648156
1.435483	1.606109
1.443548	1.626177
1.451612	1.654208
1.459677	1.606746
1.467741	1.627132
1.475806	1.634459
1.483870	1.604516
1.491935	1.633822
1.499999	1.630318
1.508064	1.623310
1.516128	1.640829
1.524193	1.616621
1.532257	1.624903
1.540322	1.634777
1.548386	1.605472
1.556451	1.620124
1.564515	1.641785
1.572580	1.607064
1.580644	1.629681
1.588709	1.649749
1.596773	1.625540
1.604838	1.635414
1.612903	1.620124
1.620967	1.618532
1.629032	1.637326
1.637096	1.615028
1.645161	1.621399
1.653225	1.651023
1.661290	1.606427
1.669354	1.618213
1.677419	1.631592
1.685483	1.606427
1.693548	1.623310
1.701612	1.641467
1.709677	1.624265
1.717741	1.631910
1.725806	1.632866
1.733870	1.606109
1.741935	1.643378
1.749999	1.627132
1.758064	1.620124
1.766128	1.643696
1.774193	1.601012
1.782257	1.624903
1.790322	1.638918
1.798386	1.617895
1.806451	1.626495
1.814515	1.644333
1.822580	1.616939
1.830644	1.633503
1.838709	1.640511
1.846773	1.612161
1.854838	1.633503
1.862902	1.614709
1.870967	1.619806
1.879031	1.650704
1.887096	1.629681
1.895160	1.616939
1.903225	1.639874
1.911289	1.586041
1.919354	1.625540
1.927418	1.652615
1.935483	1.633822
1.943548	1.636370
1.951612	1.629044
1.959677	1.600375
1.967741	1.638600
1.975806	1.625221
1.983870	1.623628
1.991935	1.637326
1.999999	1.627451
2.008064	1.630318
2.016128	1.603560
2.024193	1.615346
2.032257	1.636688
2.040322	1.639237
2.048386	1.619806
2.056451	1.641467
2.064515	1.617895
2.072580	1.620762
2.080644	1.605153
2.088709	1.597827
2.096773	1.629044
2.104838	1.601649
2.112902	1.615665
2.120967	1.643696
2.129031	1.630955
2.137096	1.625858
2.145160	1.640511
2.153225	1.631592
2.161289	1.619169
2.169354	1.644015
2.177418	1.601012
2.185483	1.618850
2.193547	1.637326
2.201612	1.609613
2.209676	1.619169
2.217741	1.601012
2.225805	1.631592
2.233870	1.633503
2.241934	1.633185
2.249999	1.606746
2.258064	1.635414
2.266128	1.606109
2.274193	1.613754
2.282257	1.645926
2.290322	1.605790
2.298386	1.623310
2.306451	1.638918
2.314515	1.618532
2.322580	1.628406
2.330644	1.637644
2.338709	1.566610
2.346773	1.641785
2.354838	1.626814
2.362902	1.622991
2.370967	1.636370
2.379031	1.593367
2.387096	1.627132
2.395160	1.628725
2.403225	1.620124
2.411289	1.636051
2.419354	1.614391
2.427418	1.589226
2.435483	1.630636
2.443547	1.624584
2.451612	1.626814
2.459676	1.639874
2.467741	1.628088
2.475805	1.625221
2.483870	1.631592
2.491934	1.629044
2.499999	1.663446
2.508063	1.598145
2.516128	1.621399
2.524192	1.654527
2.532257	1.599738
2.540321	1.630636
2.548386	1.629362
2.556450	1.602605
2.564515	1.643378
2.572579	1.614391
2.580644	1.627132
2.588709	1.633822
2.596773	1.639237
2.604838	1.627132
2.612902	1.644970
2.620967	1.621399
2.629031	1.631592
2.637096	1.635733
2.645160	1.617576
2.653225	1.649111
2.661289	1.628406
2.669354	1.616302
2.677418	1.634777
2.685483	1.596553
2.693547	1.624903
2.701612	1.635733
2.709676	1.613435
2.717741	1.633822
2.725805	1.629681
2.733870	1.607701
2.741934	1.634777
2.749999	1.628406
2.758063	1.617895
2.766128	1.640192
2.774192	1.612798
2.782257	1.622991
2.790321	1.632866
2.798386	1.602286
2.806450	1.627451
2.814515	1.635733
2.822579	1.609613
2.830644	1.666950
2.838708	1.626177
2.846773	1.622354
2.854837	1.637644
2.862902	1.624903
2.870966	1.622354
2.879031	1.627132
2.887095	1.616621
2.895160	1.624584
2.903225	1.634140
2.911289	1.618213
2.919354	1.642741
2.927418	1.624265
2.935483	1.619487
2.943547	1.624584
2.951612	1.564380
2.959676	1.629681
2.967741	1.600375
2.975805	1.589226
2.983870	1.632547
2.991934	1.632547
2.999999	1.614391
3.008063	1.639874
3.016128	1.616939
3.024192	1.620124
3.032257	1.636370
3.040321	1.618213
3.048386	1.624903
3.056450	1.661853
3.064515	1.611842
3.072579	1.628088
3.080644	1.637007
3.088708	1.615983
3.096773	1.649430
3.104837	1.627132
3.112902	1.621399
3.120966	1.633503
3.129031	1.619169
3.137095	1.627132
3.145160	1.655164
3.153224	1.622991
3.161289	1.634140
3.169353	1.619806
3.177418	1.618850
3.185482	1.630955
3.193547	1.616939
3.201611	1.612161
3.209676	1.631592
3.217740	1.615665
3.225805	1.624265
3.233870	1.650386
3.241934	1.607383
3.249999	1.636370
3.258063	1.624903
3.266128	1.617576
3.274192	1.636370
3.282257	1.630318
3.290321	1.615028
3.298386	1.623310
3.306450	1.623947
3.314515	1.628725
3.322579	1.641148
3.330644	1.586997
3.338708	1.639555
3.346773	1.629362
3.354837	1.619169
3.362902	1.638600
3.370966	1.613754
3.379031	1.614072
3.387095	1.662490
3.395160	1.617576
3.403224	1.629044
3.411289	1.620124
3.419353	1.631592
3.427418	1.633822
3.435482	1.613435
3.443547	1.614391
3.451611	1.644015
3.459676	1.610568
3.467740	1.624903
3.475805	1.647200
3.483869	1.621717
3.491934	1.635414
3.499998	1.637963
3.508063	1.610887
3.516127	1.641785
3.524192	1.609931
3.532256	1.624903
3.540321	1.653571
3.548386	1.618213
3.556450	1.621399
3.564515	1.639237
3.572579	1.610250
3.580644	1.629999
3.588708	1.640829
3.596773	1.615665
3.604837	1.648793
3.612902	1.619806
3.620966	1.613435
3.629031	1.639874
3.637095	1.596553
3.645160	1.627451
3.653224	1.658986
3.661289	1.608976
3.669353	1.640829
3.677418	1.633503
3.685482	1.615346
3.693547	1.636688
3.701611	1.627769
3.709676	1.615346
3.717740	1.658986
3.725805	1.629362
3.733869	1.632547
3.741934	1.637963
3.749998	1.620762
3.758063	1.608657
3.766127	1.623947
3.774192	1.624265
3.782256	1.654208
3.790321	1.621717
3.798385	1.618850
3.806450	1.630955
3.814514	1.605153
3.822579	1.635733
3.830643	1.615983
3.838708	1.605153
3.846772	1.633185
3.854837	1.595597
3.862901	1.618532
3.870966	1.632229
3.879031	1.611842
3.887095	1.622991
3.895160	1.639874
3.903224	1.624903
3.911289	1.635414
3.919353	1.638600
3.927418	1.587952
3.935482	1.638918
3.943547	1.620124
3.951611	1.622036
3.959676	1.639874
3.967740	1.599101
3.975805	1.634140
3.983869	1.631592
3.991934	1.622991
3.999998	1.633185
4.008063	1.638600
4.016127	1.622354
4.024192	1.656756
4.032256	1.604198
4.040321	1.630318
4.048385	1.670772
4.056450	1.613117
4.064514	1.630955
4.072579	1.626495
4.080643	1.629681
4.088708	1.649111
4.096772	1.616302
4.104837	1.624903
4.112901	1.637963
4.120966	1.613117
4.129030	1.632229
4.137095	1.631273
4.145159	1.622036
4.153224	1.640511
4.161288	1.624584
4.169353	1.616302
4.177417	1.632866
4.185482	1.601649
4.193547	1.627769
4.201611	1.634459
4.209676	1.621080
4.217740	1.640192
4.225805	1.626814
4.233869	1.621080
4.241934	1.640511
4.249998	1.625858
4.258063	1.631273
4.266127	1.646245
4.274192	1.620762
4.282256	1.632547
4.290321	1.628725
4.298385	1.607701
4.306450	1.661534
4.314514	1.620443
4.322579	1.616302
4.330643	1.625858
4.338708	1.606427
4.346772	1.634777
4.354837	1.642422
4.362901	1.618213
4.370966	1.658030
4.379030	1.620762
4.387095	1.617895
4.395159	1.642104
4.403224	1.616621
4.411288	1.633185
4.419353	1.633822
4.427417	1.616302
4.435482	1.637963
4.443546	1.615665
4.451611	1.623628
4.459675	1.634459
4.467740	1.615028
4.475804	1.633822
4.483869	1.637644
4.491933	1.618532
4.499998	1.636370
4.508062	1.612161
4.516127	1.620762
4.524192	1.648793
4.532256	1.630955
4.540321	1.630318
4.548385	1.613117
4.556450	1.627451
4.564514	1.631910
4.572579	1.606109
4.580643	1.613117
4.588708	1.645926
4.596772	1.599419
4.604837	1.617258
4.612901	1.647837
4.620966	1.611524
4.629030	1.633822
4.637095	1.637326
4.645159	1.618213
4.653224	1.646245
4.661288	1.614709
4.669353	1.624903
4.677417	1.637963
4.685482	1.610887
4.693546	1.632866
4.701611	1.635096
4.709675	1.618850
4.717740	1.639874
4.725804	1.616621
4.733869	1.621399
4.741933	1.630636
4.749998	1.619169
4.758062	1.641467
4.766127	1.630636
4.774191	1.629999
4.782256	1.640829
4.790320	1.618532
4.798385	1.622354
4.806449	1.626495
4.814514	1.631273
4.822578	1.628725
4.830643	1.591775
4.838708	1.618850
4.846772	1.644333
4.854837	1.622991
4.862901	1.623628
4.870966	1.654527
4.879030	1.622673
4.887095	1.638600
4.895159	1.614709
4.903224	1.625540
4.911288	1.646245
4.919353	1.620443
4.927417	1.635414
4.935482	1.530934
4.943546	1.621717
4.951611	1.645289
4.959675	1.626814
4.967740	1.622673
4.975804	1.648156
4.983869	1.629362
4.991933	1.630955

