LabVIEW Measurement	
Writer_Version	2
Reader_Version	2
Separator	Tab
Decimal_Separator	.
Multi_Headings	Yes
X_Columns	One
Time_Pref	Absolute
Operator	labuser
Date	2023/05/16
Time	11:13:03.1912947624999046013
***End_of_Header***	
	
Channels	1	
Samples	620	
Date	2023/05/16	
Time	11:13:03.1912947624999046013	
Y_Unit_Label	Volts	
X_Dimension	Time	
X0	0.0000000000000000E+0	
Delta_X	0.008065	
***End_of_Header***		
X_Value	Voltage	Comment
0.000000	1.655482
0.008065	1.507043
0.016129	1.712819
0.024194	1.591138
0.032258	1.607701
0.040323	1.612161
0.048387	1.493346
0.056452	1.609613
0.064516	1.597827
0.072581	1.628406
0.080645	1.523289
0.088710	1.622673
0.096774	1.581581
0.104839	1.620762
0.112903	1.378673
0.120968	1.644015
0.129032	1.325477
0.137097	1.622991
0.145161	1.627451
0.153226	1.574574
0.161290	1.525837
0.169355	1.588908
0.177419	1.550046
0.185484	1.633503
0.193548	1.590500
0.201613	1.605790
0.209677	1.514688
0.217742	1.638918
0.225806	1.582856
0.233871	1.573299
0.241935	1.499717
0.250000	1.609613
0.258064	1.576166
0.266129	1.652934
0.274193	1.646245
0.282258	1.547498
0.290322	1.612798
0.298387	1.466271
0.306451	1.561513
0.314516	1.377399
0.322581	1.620124
0.330645	1.437921
0.338710	1.592412
0.346774	1.635096
0.354839	1.593686
0.362903	1.502902
0.370968	1.553231
0.379032	1.543357
0.387097	1.484746
0.395161	1.560558
0.403226	1.529978
0.411290	1.557054
0.419355	1.680647
0.427419	1.470412
0.435484	1.599419
0.443548	1.620443
0.451613	1.570751
0.459677	1.493665
0.467742	1.530297
0.475806	1.555780
0.483871	1.616939
0.491935	1.429639
0.500000	1.648793
0.508064	1.554506
0.516129	1.565017
0.524193	1.686062
0.532258	1.611524
0.540322	1.463404
0.548387	1.508318
0.556451	1.665038
0.564516	1.389503
0.572580	1.623310
0.580645	1.598782
0.588709	1.662490
0.596774	1.600694
0.604838	1.590500
0.612903	1.593686
0.620967	1.566929
0.629032	1.595916
0.637096	1.421675
0.645161	1.616621
0.653226	1.551320
0.661290	1.655164
0.669355	1.550683
0.677419	1.577440
0.685484	1.430276
0.693548	1.623628
0.701613	1.497487
0.709677	1.566929
0.717742	1.542083
0.725806	1.633822
0.733871	1.556098
0.741935	1.537623
0.750000	1.545268
0.758064	1.569158
0.766129	1.492072
0.774193	1.631592
0.782258	1.575529
0.790322	1.569158
0.798387	1.648793
0.806451	1.546542
0.814516	1.571070
0.822580	1.594004
0.830645	1.592093
0.838709	1.618532
0.846774	1.640511
0.854838	1.572025
0.862903	1.571070
0.870967	1.576485
0.879032	1.619487
0.887096	1.629044
0.895161	1.516918
0.903225	1.539216
0.911290	1.646563
0.919354	1.630955
0.927419	1.547816
0.935483	1.458307
0.943548	1.560558
0.951612	1.641148
0.959677	1.629362
0.967742	1.550046
0.975806	1.609931
0.983871	1.485701
0.991935	1.615346
1.000000	1.417534
1.008064	1.623310
1.016129	1.606746
1.024193	1.587634
1.032258	1.632547
1.040322	1.459263
1.048387	1.565654
1.056451	1.449707
1.064516	1.649111
1.072580	1.623947
1.080645	1.515007
1.088709	1.467226
1.096774	1.602605
1.104838	1.572981
1.112903	1.543675
1.120967	1.462448
1.129032	1.601012
1.137096	1.626495
1.145161	1.614709
1.153225	1.551957
1.161290	1.577440
1.169354	1.428683
1.177419	1.635414
1.185483	1.577759
1.193548	1.589863
1.201612	1.499399
1.209677	1.558010
1.217741	1.453848
1.225806	1.583174
1.233870	1.658030
1.241935	1.544312
1.249999	1.576166
1.258064	1.595597
1.266128	1.632866
1.274193	1.561195
1.282257	1.613117
1.290322	1.587952
1.298387	1.548453
1.306451	1.492072
1.314516	1.475190
1.322580	1.518829
1.330645	1.584130
1.338709	1.574574
1.346774	1.602605
1.354838	1.580944
1.362903	1.555461
1.370967	1.506406
1.379032	1.551957
1.387096	1.526793
1.395161	1.553231
1.403225	1.525200
1.411290	1.511503
1.419354	1.566610
1.427419	1.604198
1.435483	1.545905
1.443548	1.655482
1.451612	1.607383
1.459677	1.473916
1.467741	1.510229
1.475806	1.608339
1.483870	1.379947
1.491935	1.527430
1.499999	1.623947
1.508064	1.572344
1.516128	1.638600
1.524193	1.614709
1.532257	1.475827
1.540322	1.585404
1.548386	1.418171
1.556451	1.515007
1.564515	1.492709
1.572580	1.529023
1.580644	1.542720
1.588709	1.628725
1.596773	1.446203
1.604838	1.515325
1.612903	1.569795
1.620967	1.553550
1.629032	1.441106
1.637096	1.613117
1.645161	1.686699
1.653225	1.630318
1.661290	1.576485
1.669354	1.521378
1.677419	1.565654
1.685483	1.398103
1.693548	1.584130
1.701612	1.557372
1.709677	1.554506
1.717741	1.636370
1.725806	1.535393
1.733870	1.573936
1.741935	1.573299
1.749999	1.505769
1.758064	1.614072
1.766128	1.597190
1.774193	1.584448
1.782257	1.296808
1.790322	1.612161
1.798386	1.500673
1.806451	1.672683
1.814515	1.529660
1.822580	1.558328
1.830644	1.556735
1.838709	1.648793
1.846773	1.486976
1.854838	1.644970
1.862902	1.484109
1.870967	1.634140
1.879031	1.496213
1.887096	1.604516
1.895160	1.527111
1.903225	1.656438
1.911289	1.596234
1.919354	1.241701
1.927418	1.641785
1.935483	1.600057
1.943548	1.674913
1.951612	1.392051
1.959677	1.449070
1.967741	1.574255
1.975806	1.585085
1.983870	1.589226
1.991935	1.544312
1.999999	1.585404
2.008064	1.595916
2.016128	1.584130
2.024193	1.642741
2.032257	1.565654
2.040322	1.624903
2.048386	1.555143
2.056451	1.593686
2.064515	1.449388
2.072580	1.554187
2.080644	1.589545
2.088709	1.577440
2.096773	1.538579
2.104838	1.620124
2.112902	1.568521
2.120967	1.546542
2.129031	1.580626
2.137096	1.515963
2.145160	1.679054
2.153225	1.570433
2.161289	1.633185
2.169354	1.442699
2.177418	1.607383
2.185483	1.585722
2.193547	1.664720
2.201612	1.582218
2.209676	1.645926
2.217741	1.632866
2.225805	1.537623
2.233870	1.607064
2.241934	1.472960
2.249999	1.559921
2.258064	1.536349
2.266128	1.514370
2.274193	1.587634
2.282257	1.643378
2.290322	1.586041
2.298386	1.571070
2.306451	1.594004
2.314515	1.501628
2.322580	1.647837
2.330644	1.575529
2.338709	1.488887
2.346773	1.564062
2.354838	1.489842
2.362902	1.494620
2.370967	1.572981
2.379031	1.550683
2.387096	1.392051
2.395160	1.571070
2.403225	1.533482
2.411289	1.625540
2.419354	1.412756
2.427418	1.545268
2.435483	1.461174
2.443547	1.600057
2.451612	1.449070
2.459676	1.572662
2.467741	1.567247
2.475805	1.562151
2.483870	1.382495
2.491934	1.543357
2.499999	1.611205
2.508063	1.522970
2.516128	1.565973
2.524192	1.528704
2.532257	1.583174
2.540321	1.420720
2.548386	1.383769
2.556450	1.574255
2.564515	1.426135
2.572579	1.672365
2.580644	1.585722
2.588709	1.534438
2.596773	1.626177
2.604838	1.582537
2.612902	1.626495
2.620967	1.539534
2.629031	1.586678
2.637096	1.416897
2.645160	1.552913
2.653225	1.614709
2.661289	1.562788
2.669354	1.559284
2.677418	1.518511
2.685483	1.670453
2.693547	1.574892
2.701612	1.589226
2.709676	1.587952
2.717741	1.651978
2.725805	1.617895
2.733870	1.627132
2.741934	1.642422
2.749999	1.563743
2.758063	1.539534
2.766128	1.564062
2.774192	1.541764
2.782257	1.558328
2.790321	1.570433
2.798386	1.576166
2.806450	1.691796
2.814515	1.572981
2.822579	1.531889
2.830644	1.416260
2.838708	1.385362
2.846773	1.593367
2.854837	1.502902
2.862902	1.658030
2.870966	1.580307
2.879031	1.589226
2.887095	1.421675
2.895160	1.568521
2.903225	1.401289
2.911289	1.529978
2.919354	1.620443
2.927418	1.537623
2.935483	1.503858
2.943547	1.559602
2.951612	1.434098
2.959676	1.593049
2.967741	1.599738
2.975805	1.564062
2.983870	1.521378
2.991934	1.636051
2.999999	1.581581
3.008063	1.601331
3.016128	1.599738
3.024192	1.574892
3.032257	1.563425
3.040321	1.324521
3.048386	1.646882
3.056450	1.567884
3.064515	1.571388
3.072579	1.531571
3.080644	1.579033
3.088708	1.647200
3.096773	1.342359
3.104837	1.668861
3.112902	1.566292
3.120966	1.616302
3.129031	1.620124
3.137095	1.566610
3.145160	1.544312
3.153224	1.637007
3.161289	1.573936
3.169353	1.644652
3.177418	1.587634
3.185482	1.573936
3.193547	1.572344
3.201611	1.625858
3.209676	1.527111
3.217740	1.551320
3.225805	1.584130
3.233870	1.559284
3.241934	1.583174
3.249999	1.596234
3.258063	1.602923
3.266128	1.644970
3.274192	1.623310
3.282257	1.609294
3.290321	1.697529
3.298386	1.587952
3.306450	1.625540
3.314515	1.493665
3.322579	1.578396
3.330644	1.574255
3.338708	1.605153
3.346773	1.560558
3.354837	1.500354
3.362902	1.581263
3.370966	1.631910
3.379031	1.531252
3.387095	1.562469
3.395160	1.610568
3.403224	1.604516
3.411289	1.631592
3.419353	1.489842
3.427418	1.624265
3.435482	1.552276
3.443547	1.663127
3.451611	1.569795
3.459676	1.499717
3.467740	1.523289
3.475805	1.456077
3.483869	1.610887
3.491934	1.555780
3.499998	1.694344
3.508063	1.569158
3.516127	1.577440
3.524192	1.561832
3.532256	1.600694
3.540321	1.589226
3.548386	1.689884
3.556450	1.630318
3.564515	1.589545
3.572579	1.652615
3.580644	1.415942
3.588708	1.543675
3.596773	1.484427
3.604837	1.571388
3.612902	1.594004
3.620966	1.536349
3.629031	1.427090
3.637095	1.627132
3.645160	1.648474
3.653224	1.663127
3.661289	1.689884
3.669353	1.604835
3.677418	1.594323
3.685482	1.596871
3.693547	1.477101
3.701611	1.477101
3.709676	1.459263
3.717740	1.522970
3.725805	1.619806
3.733869	1.568521
3.741934	1.533164
3.749998	1.521378
3.758063	1.593049
3.766127	1.374850
3.774192	1.685425
3.782256	1.511822
3.790321	1.470412
3.798385	1.551002
3.806450	1.472323
3.814514	1.619806
3.822579	1.551320
3.830643	1.630318
3.838708	1.494620
3.846772	1.594960
3.854837	1.493983
3.862901	1.677461
3.870966	1.486976
3.879031	1.659942
3.887095	1.572662
3.895160	1.607064
3.903224	1.435054
3.911289	1.584448
3.919353	1.467545
3.927418	1.507362
3.935482	1.573618
3.943547	1.666631
3.951611	1.426772
3.959676	1.529341
3.967740	1.611524
3.975805	1.598145
3.983869	1.574255
3.991934	1.579989
3.999998	1.385999
4.008063	1.569477
4.016127	1.492072
4.024192	1.739258
4.032256	1.603560
4.040321	1.599101
4.048385	1.682558
4.056450	1.583174
4.064514	1.520422
4.072579	1.568521
4.080643	1.500354
4.088708	1.616939
4.096772	1.574255
4.104837	1.543994
4.112901	1.596871
4.120966	1.563425
4.129030	1.624265
4.137095	1.609931
4.145159	1.631592
4.153224	1.523926
4.161288	1.598782
4.169353	1.557691
4.177417	1.489524
4.185482	1.670453
4.193547	1.528704
4.201611	1.661853
4.209676	1.469456
4.217740	1.601331
4.225805	1.578077
4.233869	1.693707
4.241934	1.493665
4.249998	1.500991
4.258063	1.568521
4.266127	1.526793
4.274192	1.617895
4.282256	1.586678
4.290321	1.564062
4.298385	1.616302
4.306450	1.598145
4.314514	1.542083
4.322579	1.393325
4.330643	1.570114
4.338708	1.492709
4.346772	1.597508
4.354837	1.500354
4.362901	1.618213
4.370966	1.582537
4.379030	1.572025
4.387095	1.540490
4.395159	1.506088
4.403224	1.628088
4.411288	1.569477
4.419353	1.462130
4.427417	1.431550
4.435482	1.555780
4.443546	1.588589
4.451611	1.571707
4.459675	1.356375
4.467740	1.591456
4.475804	1.464359
4.483869	1.591138
4.491933	1.579352
4.499998	1.575529
4.508062	1.558647
4.516127	1.563106
4.524192	1.615665
4.532256	1.619487
4.540321	1.585404
4.548385	1.615983
4.556450	1.471367
4.564514	1.687017
4.572579	1.536030
4.580643	1.603242
4.588708	1.625540
4.596772	1.612480
4.604837	1.621080
4.612901	1.485701
4.620966	1.613435
4.629030	1.556417
4.637095	1.607701
4.645159	1.470412
4.653224	1.683195
4.661288	1.546224
4.669353	1.582856
4.677417	1.615028
4.685482	1.499080
4.693546	1.521378
4.701611	1.549728
4.709675	1.623628
4.717740	1.517874
4.725804	1.502902
4.733869	1.574574
4.741933	1.671091
4.749998	1.494302
4.758062	1.565973
4.766127	1.356694
4.774191	1.655801
4.782256	1.383769
4.790320	1.441425
4.798385	1.506088
4.806449	1.310506
4.814514	1.584448
4.822578	1.562469
4.830643	1.578396
4.838708	1.497806
4.846772	1.547498
4.854837	1.529023
4.862901	1.616621
4.870966	1.569477
4.879030	1.522970
4.887095	1.432506
4.895159	1.596871
4.903224	1.514370
4.911288	1.604198
4.919353	1.507999
4.927417	1.577440
4.935482	1.572662
4.943546	1.707404
4.951611	1.565017
4.959675	1.495576
4.967740	1.591775
4.975804	1.443017
4.983869	1.605153
4.991933	1.633185

