LabVIEW Measurement	
Writer_Version	2
Reader_Version	2
Separator	Tab
Decimal_Separator	.
Multi_Headings	Yes
X_Columns	One
Time_Pref	Absolute
Operator	labuser
Date	2023/05/16
Time	11:09:32.1135303624999448673
***End_of_Header***	
	
Channels	1	
Samples	620	
Date	2023/05/16	
Time	11:09:32.1135303624999448673	
Y_Unit_Label	Volts	
X_Dimension	Time	
X0	0.0000000000000000E+0	
Delta_X	0.008065	
***End_of_Header***		
X_Value	Voltage	Comment
0.000000	1.644015
0.008065	1.622036
0.016129	1.659942
0.024194	1.617576
0.032258	1.656119
0.040323	1.622036
0.048387	1.657712
0.056452	1.625858
0.064516	1.654845
0.072581	1.626495
0.080645	1.629044
0.088710	1.640829
0.096774	1.608020
0.104839	1.660579
0.112903	1.632547
0.120968	1.637007
0.129032	1.633822
0.137097	1.651978
0.145161	1.634140
0.153226	1.649749
0.161290	1.619487
0.169355	1.656756
0.177419	1.621080
0.185484	1.645289
0.193548	1.629362
0.201613	1.653252
0.209677	1.621080
0.217742	1.659942
0.225806	1.625540
0.233871	1.643696
0.241935	1.638600
0.250000	1.632547
0.258064	1.636370
0.266129	1.639874
0.274193	1.629362
0.282258	1.637007
0.290322	1.629044
0.298387	1.646245
0.306451	1.633503
0.314516	1.651341
0.322581	1.623310
0.330645	1.665357
0.338710	1.613435
0.346774	1.659942
0.354839	1.610887
0.362903	1.663764
0.370968	1.608976
0.379032	1.656119
0.387097	1.616621
0.395161	1.649111
0.403226	1.632547
0.411290	1.625221
0.419355	1.640511
0.427419	1.626177
0.435484	1.652297
0.443548	1.634777
0.451613	1.636688
0.459677	1.644333
0.467742	1.635733
0.475806	1.634459
0.483871	1.652297
0.491935	1.611205
0.500000	1.651660
0.508064	1.622354
0.516129	1.659942
0.524193	1.630318
0.532258	1.647837
0.540322	1.618532
0.548387	1.654845
0.556451	1.619806
0.564516	1.654527
0.572580	1.630318
0.580645	1.660579
0.588709	1.618213
0.596774	1.657075
0.604838	1.624903
0.612903	1.641148
0.620967	1.651978
0.629032	1.630318
0.637096	1.637644
0.645161	1.645926
0.653226	1.630955
0.661290	1.650067
0.669355	1.631910
0.677419	1.643696
0.685484	1.619169
0.693548	1.648474
0.701613	1.626814
0.709677	1.645608
0.717742	1.625221
0.725806	1.650067
0.733871	1.619169
0.741935	1.649111
0.750000	1.639874
0.758064	1.606109
0.766129	1.651660
0.774193	1.603879
0.782258	1.653252
0.790322	1.620443
0.798387	1.638600
0.806451	1.643378
0.814516	1.620124
0.822580	1.647200
0.830645	1.623310
0.838709	1.634777
0.846774	1.641148
0.854838	1.613754
0.862903	1.653889
0.870967	1.625540
0.879032	1.642741
0.887096	1.654845
0.895161	1.640829
0.903225	1.615983
0.911290	1.653252
0.919354	1.630636
0.927419	1.648793
0.935483	1.630318
0.943548	1.649111
0.951612	1.629362
0.959677	1.661534
0.967742	1.627132
0.975806	1.649430
0.983871	1.639237
0.991935	1.628088
1.000000	1.640829
1.008064	1.655482
1.016129	1.642104
1.024193	1.611842
1.032258	1.654845
1.040322	1.619169
1.048387	1.651660
1.056451	1.634140
1.064516	1.656756
1.072580	1.621080
1.080645	1.639237
1.088709	1.633185
1.096774	1.624584
1.104838	1.642741
1.112903	1.639555
1.120967	1.630955
1.129032	1.635414
1.137096	1.643059
1.145161	1.616302
1.153225	1.655801
1.161290	1.609931
1.169354	1.643378
1.177419	1.633822
1.185483	1.630636
1.193548	1.630955
1.201612	1.625858
1.209677	1.648474
1.217741	1.625221
1.225806	1.664401
1.233870	1.615665
1.241935	1.670453
1.249999	1.641148
1.258064	1.619169
1.266128	1.628406
1.274193	1.652934
1.282257	1.630636
1.290322	1.644652
1.298387	1.633822
1.306451	1.654208
1.314516	1.617895
1.322580	1.659623
1.330645	1.623628
1.338709	1.651023
1.346774	1.630318
1.354838	1.646245
1.362903	1.632866
1.370967	1.638918
1.379032	1.642104
1.387096	1.634777
1.395161	1.644652
1.403225	1.630955
1.411290	1.652615
1.419354	1.631273
1.427419	1.643696
1.435483	1.642741
1.443548	1.635414
1.451612	1.631592
1.459677	1.643696
1.467741	1.631910
1.475806	1.649111
1.483870	1.636370
1.491935	1.633822
1.499999	1.652297
1.508064	1.621717
1.516128	1.652934
1.524193	1.633185
1.532257	1.651023
1.540322	1.629681
1.548386	1.638918
1.556451	1.632547
1.564515	1.655164
1.572580	1.622036
1.580644	1.655482
1.588709	1.625540
1.596773	1.658349
1.604838	1.621080
1.612903	1.647200
1.620967	1.625221
1.629032	1.661216
1.637096	1.631592
1.645161	1.660260
1.653225	1.623947
1.661290	1.657393
1.669354	1.618532
1.677419	1.659305
1.685483	1.626177
1.693548	1.633822
1.701612	1.650704
1.709677	1.622354
1.717741	1.657075
1.725806	1.632547
1.733870	1.637326
1.741935	1.638600
1.749999	1.641785
1.758064	1.653889
1.766128	1.631592
1.774193	1.646245
1.782257	1.634459
1.790322	1.646245
1.798386	1.648156
1.806451	1.637644
1.814515	1.626814
1.822580	1.652615
1.830644	1.621717
1.838709	1.640829
1.846773	1.640511
1.854838	1.633503
1.862902	1.651660
1.870967	1.653889
1.879031	1.633822
1.887096	1.654208
1.895160	1.626814
1.903225	1.630318
1.911289	1.629681
1.919354	1.642104
1.927418	1.639237
1.935483	1.634459
1.943548	1.645289
1.951612	1.637963
1.959677	1.656756
1.967741	1.612161
1.975806	1.641467
1.983870	1.632547
1.991935	1.640511
1.999999	1.637963
2.008064	1.632547
2.016128	1.630318
2.024193	1.621080
2.032257	1.647519
2.040322	1.607064
2.048386	1.643059
2.056451	1.631592
2.064515	1.649430
2.072580	1.638918
2.080644	1.630318
2.088709	1.654845
2.096773	1.637644
2.104838	1.639237
2.112902	1.633185
2.120967	1.651023
2.129031	1.640511
2.137096	1.657712
2.145160	1.615346
2.153225	1.654845
2.161289	1.627769
2.169354	1.662171
2.177418	1.619806
2.185483	1.657712
2.193547	1.677143
2.201612	1.647837
2.209676	1.623628
2.217741	1.652297
2.225805	1.620762
2.233870	1.646882
2.241934	1.637963
2.249999	1.647200
2.258064	1.653889
2.266128	1.621717
2.274193	1.651978
2.282257	1.629362
2.290322	1.648474
2.298386	1.627451
2.306451	1.646563
2.314515	1.625221
2.322580	1.628725
2.330644	1.651660
2.338709	1.627769
2.346773	1.652297
2.354838	1.623310
2.362902	1.646882
2.370967	1.635096
2.379031	1.639237
2.387096	1.629681
2.395160	1.640511
2.403225	1.650704
2.411289	1.627451
2.419354	1.642741
2.427418	1.643059
2.435483	1.627769
2.443547	1.645289
2.451612	1.638918
2.459676	1.648156
2.467741	1.628088
2.475805	1.637326
2.483870	1.635096
2.491934	1.651341
2.499999	1.646245
2.508063	1.631910
2.516128	1.644333
2.524192	1.621717
2.532257	1.656119
2.540321	1.629362
2.548386	1.648474
2.556450	1.645926
2.564515	1.623947
2.572579	1.635096
2.580644	1.640829
2.588709	1.633822
2.596773	1.633822
2.604838	1.634459
2.612902	1.624265
2.620967	1.625540
2.629031	1.630636
2.637096	1.651660
2.645160	1.611205
2.653225	1.660579
2.661289	1.617258
2.669354	1.645608
2.677418	1.634777
2.685483	1.632866
2.693547	1.643696
2.701612	1.624903
2.709676	1.648793
2.717741	1.627132
2.725805	1.644970
2.733870	1.639874
2.741934	1.622354
2.749999	1.651978
2.758063	1.616939
2.766128	1.658349
2.774192	1.621080
2.782257	1.646245
2.790321	1.635733
2.798386	1.625221
2.806450	1.652934
2.814515	1.624265
2.822579	1.635414
2.830644	1.640192
2.838708	1.635733
2.846773	1.642422
2.854837	1.627132
2.862902	1.628406
2.870966	1.641467
2.879031	1.637644
2.887095	1.653889
2.895160	1.630955
2.903225	1.638918
2.911289	1.628088
2.919354	1.643378
2.927418	1.617576
2.935483	1.645926
2.943547	1.613435
2.951612	1.655164
2.959676	1.613754
2.967741	1.655801
2.975805	1.613435
2.983870	1.645608
2.991934	1.618213
2.999999	1.640192
3.008063	1.643696
3.016128	1.621399
3.024192	1.653571
3.032257	1.603879
3.040321	1.651341
3.048386	1.623628
3.056450	1.633822
3.064515	1.643378
3.072579	1.631273
3.080644	1.642422
3.088708	1.617576
3.096773	1.644652
3.104837	1.629999
3.112902	1.644015
3.120966	1.620762
3.129031	1.639874
3.137095	1.636688
3.145160	1.636370
3.153224	1.644015
3.161289	1.629044
3.169353	1.632866
3.177418	1.632229
3.185482	1.633185
3.193547	1.647519
3.201611	1.620762
3.209676	1.641148
3.217740	1.645289
3.225805	1.636688
3.233870	1.622673
3.241934	1.656756
3.249999	1.620762
3.258063	1.654845
3.266128	1.628725
3.274192	1.629362
3.282257	1.644333
3.290321	1.633185
3.298386	1.648156
3.306450	1.637644
3.314515	1.643696
3.322579	1.658349
3.330644	1.637007
3.338708	1.625540
3.346773	1.646563
3.354837	1.627451
3.362902	1.652934
3.370966	1.630955
3.379031	1.654208
3.387095	1.626495
3.395160	1.628725
3.403224	1.651978
3.411289	1.641785
3.419353	1.627132
3.427418	1.651978
3.435482	1.634459
3.443547	1.644970
3.451611	1.614709
3.459676	1.653252
3.467740	1.610250
3.475805	1.655801
3.483869	1.636370
3.491934	1.627451
3.499998	1.643059
3.508063	1.635414
3.516127	1.641148
3.524192	1.638281
3.532256	1.637326
3.540321	1.636688
3.548386	1.645289
3.556450	1.631910
3.564515	1.656119
3.572579	1.611205
3.580644	1.651978
3.588708	1.629681
3.596773	1.640192
3.604837	1.625858
3.612902	1.662809
3.620966	1.612480
3.629031	1.656756
3.637095	1.624265
3.645160	1.637326
3.653224	1.634140
3.661289	1.635414
3.669353	1.643378
3.677418	1.640511
3.685482	1.636370
3.693547	1.637326
3.701611	1.627451
3.709676	1.653252
3.717740	1.620124
3.725805	1.649111
3.733869	1.622036
3.741934	1.627451
3.749998	1.638918
3.758063	1.629999
3.766127	1.629681
3.774192	1.643696
3.782256	1.637644
3.790321	1.620124
3.798385	1.656119
3.806450	1.622036
3.814514	1.660579
3.822579	1.605790
3.830643	1.662490
3.838708	1.609613
3.846772	1.654845
3.854837	1.622036
3.862901	1.651023
3.870966	1.626177
3.879031	1.645289
3.887095	1.632866
3.895160	1.644333
3.903224	1.630636
3.911289	1.638281
3.919353	1.642104
3.927418	1.642741
3.935482	1.648474
3.943547	1.605790
3.951611	1.651660
3.959676	1.623947
3.967740	1.652297
3.975805	1.629362
3.983869	1.637644
3.991934	1.624584
3.999998	1.628406
4.008063	1.642422
4.016127	1.645926
4.024192	1.614072
4.032256	1.649430
4.040321	1.633503
4.048385	1.637007
4.056450	1.618532
4.064514	1.652615
4.072579	1.618213
4.080643	1.646882
4.088708	1.633185
4.096772	1.636370
4.104837	1.644970
4.112901	1.628725
4.120966	1.630636
4.129030	1.630636
4.137095	1.622673
4.145159	1.647519
4.153224	1.618850
4.161288	1.628088
4.169353	1.648474
4.177417	1.636688
4.185482	1.625858
4.193547	1.653252
4.201611	1.616621
4.209676	1.648156
4.217740	1.622673
4.225805	1.658349
4.233869	1.620762
4.241934	1.628725
4.249998	1.628406
4.258063	1.643378
4.266127	1.625221
4.274192	1.631273
4.282256	1.634459
4.290321	1.626814
4.298385	1.637326
4.306450	1.633503
4.314514	1.648474
4.322579	1.637963
4.330643	1.626177
4.338708	1.648793
4.346772	1.629681
4.354837	1.626177
4.362901	1.657075
4.370966	1.610887
4.379030	1.659623
4.387095	1.619806
4.395159	1.648793
4.403224	1.633185
4.411288	1.621080
4.419353	1.651660
4.427417	1.619169
4.435482	1.650704
4.443546	1.634459
4.451611	1.646882
4.459675	1.631910
4.467740	1.667587
4.475804	1.639555
4.483869	1.628406
4.491933	1.644652
4.499998	1.617258
4.508062	1.656119
4.516127	1.615346
4.524192	1.652615
4.532256	1.618850
4.540321	1.643696
4.548385	1.607701
4.556450	1.658986
4.564514	1.618213
4.572579	1.624903
4.580643	1.639555
4.588708	1.631910
4.596772	1.641467
4.604837	1.625858
4.612901	1.648474
4.620966	1.625858
4.629030	1.658349
4.637095	1.631273
4.645159	1.643696
4.653224	1.631273
4.661288	1.647200
4.669353	1.628406
4.677417	1.639874
4.685482	1.638600
4.693546	1.629044
4.701611	1.655164
4.709675	1.626814
4.717740	1.652615
4.725804	1.629999
4.733869	1.637326
4.741933	1.652297
4.749998	1.613117
4.758062	1.660260
4.766127	1.625221
4.774191	1.649111
4.782256	1.636370
4.790320	1.639237
4.798385	1.628088
4.806449	1.667268
4.814514	1.607701
4.822578	1.648793
4.830643	1.619806
4.838708	1.634140
4.846772	1.623947
4.854837	1.636051
4.862901	1.638600
4.870966	1.619169
4.879030	1.640829
4.887095	1.624903
4.895159	1.644652
4.903224	1.618532
4.911288	1.651660
4.919353	1.623628
4.927417	1.639237
4.935482	1.636370
4.943546	1.626177
4.951611	1.616939
4.959675	1.634459
4.967740	1.617576
4.975804	1.655801
4.983869	1.625221
4.991933	1.647837

