LabVIEW Measurement	
Writer_Version	2
Reader_Version	2
Separator	Tab
Decimal_Separator	.
Multi_Headings	Yes
X_Columns	One
Time_Pref	Absolute
Operator	labuser
Date	2023/05/16
Time	11:15:25.9196456624995274656
***End_of_Header***	
	
Channels	1	
Samples	620	
Date	2023/05/16	
Time	11:15:25.9196456624995274656	
Y_Unit_Label	Volts	
X_Dimension	Time	
X0	0.0000000000000000E+0	
Delta_X	0.008065	
***End_of_Header***		
X_Value	Voltage	Comment
0.000000	1.414667
0.008065	1.452892
0.016129	1.298083
0.024194	1.432506
0.032258	1.433143
0.040323	1.580944
0.048387	1.556735
0.056452	1.595916
0.064516	1.545587
0.072581	1.616621
0.080645	1.524882
0.088710	1.522015
0.096774	1.397148
0.104839	1.611205
0.112903	1.522015
0.120968	1.429002
0.129032	1.451299
0.137097	1.376761
0.145161	1.560558
0.153226	1.605153
0.161290	1.502902
0.169355	1.597190
0.177419	1.407341
0.185484	1.556417
0.193548	1.506406
0.201613	1.516918
0.209677	1.471686
0.217742	1.421038
0.225806	1.578715
0.233871	1.451618
0.241935	1.531252
0.250000	1.509592
0.258064	1.682558
0.266129	1.443973
0.274193	1.544631
0.282258	1.406704
0.290322	1.459581
0.298387	1.357968
0.306451	1.445884
0.314516	1.521696
0.322581	1.377399
0.330645	1.629044
0.338710	1.406704
0.346774	1.571388
0.354839	1.553550
0.362903	1.522015
0.370968	1.319425
0.379032	1.548135
0.387097	1.575848
0.395161	1.445247
0.403226	1.247754
0.411290	1.531571
0.419355	1.530297
0.427419	1.510229
0.435484	1.484427
0.443548	1.534438
0.451613	1.590819
0.459677	1.488568
0.467742	1.563425
0.475806	1.429957
0.483871	1.373576
0.491935	1.387910
0.500000	1.587634
0.508064	1.475190
0.516129	1.510866
0.524193	1.590500
0.532258	1.383132
0.540322	1.499717
0.548387	1.346500
0.556451	1.544949
0.564516	1.445884
0.572580	1.596553
0.580645	1.409571
0.588709	1.508636
0.596774	1.378991
0.604838	1.443654
0.612903	1.503540
0.620967	1.352871
0.629032	1.548453
0.637096	1.219722
0.645161	1.519148
0.653226	1.560558
0.661290	1.524563
0.669355	1.529341
0.677419	1.572662
0.685484	1.591456
0.693548	1.565336
0.701613	1.576166
0.709677	1.608657
0.717742	1.464041
0.725806	1.534756
0.733871	1.382495
0.741935	1.637963
0.750000	1.440788
0.758064	1.385043
0.766129	1.492709
0.774193	1.642422
0.782258	1.400333
0.790322	1.584130
0.798387	1.450981
0.806451	1.521696
0.814516	1.453211
0.822580	1.419127
0.830645	1.515963
0.838709	1.430594
0.846774	1.469137
0.854838	1.443654
0.862903	1.410845
0.870967	1.453211
0.879032	1.456714
0.887096	1.547816
0.895161	1.592412
0.903225	1.490480
0.911290	1.352234
0.919354	1.468182
0.927419	1.529660
0.935483	1.475827
0.943548	1.466908
0.951612	1.598145
0.959677	1.501628
0.967742	1.389184
0.975806	1.450025
0.983871	1.552276
0.991935	1.310824
1.000000	1.551320
1.008064	1.543675
1.016129	1.503858
1.024193	1.516918
1.032258	1.483153
1.040322	1.437921
1.048387	1.424542
1.056451	1.558965
1.064516	1.433461
1.072580	1.404793
1.080645	1.453848
1.088709	1.377717
1.096774	1.525519
1.104838	1.508955
1.112903	1.535393
1.120967	1.461174
1.129032	1.453211
1.137096	1.508636
1.145161	1.522652
1.153225	1.239790
1.161290	1.302224
1.169354	1.546224
1.177419	1.417216
1.185483	1.390140
1.193548	1.412438
1.201612	1.450025
1.209677	1.519466
1.217741	1.612798
1.225806	1.476782
1.233870	1.359879
1.241935	1.493983
1.249999	1.494302
1.258064	1.571070
1.266128	1.427728
1.274193	1.488887
1.282257	1.566610
1.290322	1.654208
1.298387	1.451299
1.306451	1.510229
1.314516	1.466908
1.322580	1.278652
1.330645	1.570751
1.338709	1.505769
1.346774	1.622036
1.354838	1.521378
1.362903	1.565973
1.370967	1.576485
1.379032	1.616621
1.387096	1.532845
1.395161	1.581263
1.403225	1.548135
1.411290	1.549728
1.419354	1.497169
1.427419	1.554824
1.435483	1.379947
1.443548	1.594004
1.451612	1.629999
1.459677	1.558965
1.467741	1.444610
1.475806	1.559602
1.483870	1.601331
1.491935	1.549090
1.499999	1.537623
1.508064	1.423905
1.516128	1.443017
1.524193	1.402563
1.532257	1.570433
1.540322	1.315284
1.548386	1.582856
1.556451	1.449070
1.564515	1.591138
1.572580	1.687017
1.580644	1.572981
1.588709	1.590819
1.596773	1.477101
1.604838	1.633503
1.612903	1.527430
1.620967	1.488568
1.629032	1.350641
1.637096	1.412756
1.645161	1.576485
1.653225	1.491754
1.661290	1.422949
1.669354	1.441106
1.677419	1.282474
1.685483	1.489524
1.693548	1.575848
1.701612	1.422949
1.709677	1.512140
1.717741	1.442699
1.725806	1.594323
1.733870	1.564380
1.741935	1.477419
1.749999	1.454485
1.758064	1.601649
1.766128	1.483472
1.774193	1.509592
1.782257	1.338537
1.790322	1.282474
1.798386	1.544312
1.806451	1.391096
1.814515	1.349049
1.822580	1.448432
1.830644	1.534438
1.838709	1.421357
1.846773	1.368161
1.854838	1.623310
1.862902	1.459263
1.870967	1.463722
1.879031	1.400015
1.887096	1.562788
1.895160	1.307639
1.903225	1.441425
1.911289	1.495258
1.919354	1.508636
1.927418	1.429002
1.935483	1.390140
1.943548	1.552276
1.951612	1.567566
1.959677	1.514688
1.967741	1.503858
1.975806	1.549090
1.983870	1.473278
1.991935	1.525837
1.999999	1.185002
2.008064	1.276103
2.016128	1.465952
2.024193	1.485383
2.032257	1.533801
2.040322	1.528386
2.048386	1.459581
2.056451	1.509910
2.064515	1.492072
2.072580	1.550365
2.080644	1.328025
2.088709	1.541446
2.096773	1.478694
2.104838	1.502265
2.112902	1.488887
2.120967	1.422312
2.129031	1.372302
2.137096	1.560239
2.145160	1.517874
2.153225	1.443973
2.161289	1.498443
2.169354	1.468819
2.177418	1.403519
2.185483	1.376761
2.193547	1.318788
2.201612	1.391414
2.209676	1.477738
2.217741	1.498761
2.225805	1.411801
2.233870	1.550046
2.241934	1.378991
2.249999	1.501628
2.258064	1.299357
2.266128	1.492072
2.274193	1.366887
2.282257	1.504495
2.290322	1.473278
2.298386	1.494620
2.306451	1.378036
2.314515	1.334714
2.322580	1.296808
2.330644	1.408615
2.338709	1.255717
2.346773	1.475190
2.354838	1.436965
2.362902	1.447158
2.370967	1.305090
2.379031	1.377399
2.387096	1.334396
2.395160	1.382495
2.403225	1.604516
2.411289	1.330573
2.419354	1.579989
2.427418	1.558965
2.435483	1.453529
2.443547	1.582218
2.451612	1.470412
2.459676	1.365931
2.467741	1.370072
2.475805	1.346819
2.483870	1.444610
2.491934	1.564062
2.499999	1.298720
2.508063	1.528067
2.516128	1.603242
2.524192	1.536030
2.532257	1.523289
2.540321	1.457352
2.548386	1.503858
2.556450	1.424224
2.564515	1.449707
2.572579	1.419446
2.580644	1.440150
2.588709	1.509910
2.596773	1.575529
2.604838	1.442699
2.612902	1.547498
2.620967	1.572025
2.629031	1.601968
2.637096	1.486020
2.645160	1.444610
2.653225	1.557691
2.661289	1.372620
2.669354	1.306683
2.677418	1.526793
2.685483	1.383132
2.693547	1.350641
2.701612	1.511184
2.709676	1.273555
2.717741	1.545587
2.725805	1.533482
2.733870	1.653571
2.741934	1.430913
2.749999	1.423587
2.758063	1.479649
2.766128	1.290438
2.774192	1.462130
2.782257	1.479968
2.790321	1.421994
2.798386	1.585085
2.806450	1.471049
2.814515	1.586997
2.822579	1.413712
2.830644	1.457989
2.838708	1.554187
2.846773	1.448751
2.854837	1.359242
2.862902	1.459263
2.870966	1.536349
2.879031	1.420401
2.887095	1.426135
2.895160	1.471049
2.903225	1.585722
2.911289	1.598145
2.919354	1.478694
2.927418	1.576485
2.935483	1.520741
2.943547	1.461493
2.951612	1.401607
2.959676	1.562469
2.967741	1.374532
2.975805	1.574892
2.983870	1.535393
2.991934	1.592730
2.999999	1.488887
3.008063	1.609613
3.016128	1.216855
3.024192	1.483153
3.032257	1.629362
3.040321	1.382495
3.048386	1.547498
3.056450	1.407341
3.064515	1.549090
3.072579	1.319106
3.080644	1.485383
3.088708	1.614072
3.096773	1.592730
3.104837	1.254124
3.112902	1.538260
3.120966	1.487931
3.129031	1.578396
3.137095	1.579670
3.145160	1.573618
3.153224	1.511503
3.161289	1.528704
3.169353	1.565336
3.177418	1.585404
3.185482	1.619169
3.193547	1.408615
3.201611	1.578077
3.209676	1.462130
3.217740	1.519785
3.225805	1.335670
3.233870	1.416260
3.241934	1.609613
3.249999	1.454166
3.258063	1.597190
3.266128	1.539534
3.274192	1.595279
3.282257	1.567247
3.290321	1.486976
3.298386	1.548772
3.306450	1.568521
3.314515	1.449070
3.322579	1.420401
3.330644	1.451936
3.338708	1.433780
3.346773	1.570114
3.354837	1.568521
3.362902	1.463085
3.370966	1.521059
3.379031	1.305409
3.387095	1.300631
3.395160	1.312735
3.403224	1.326432
3.411289	1.307320
3.419353	1.597827
3.427418	1.395874
3.435482	1.496532
3.443547	1.408615
3.451611	1.495895
3.459676	1.337900
3.467740	1.385999
3.475805	1.508636
3.483869	1.541764
3.491934	1.315602
3.499998	1.611205
3.508063	1.621080
3.516127	1.437921
3.524192	1.382177
3.532256	1.314009
3.540321	1.479649
3.548386	1.540171
3.556450	1.411801
3.564515	1.572344
3.572579	1.493346
3.580644	1.478057
3.588708	1.466908
3.596773	1.613754
3.604837	1.528704
3.612902	1.335033
3.620966	1.443017
3.629031	1.607383
3.637095	1.525200
3.645160	1.622673
3.653224	1.454166
3.661289	1.618532
3.669353	1.540490
3.677418	1.582537
3.685482	1.428683
3.693547	1.520104
3.701611	1.400970
3.709676	1.592412
3.717740	1.506725
3.725805	1.415623
3.733869	1.446521
3.741934	1.304135
3.749998	1.264955
3.758063	1.488568
3.766127	1.526156
3.774192	1.517237
3.782256	1.454166
3.790321	1.415305
3.798385	1.543675
3.806450	1.538897
3.814514	1.570114
3.822579	1.461811
3.830643	1.561832
3.838708	1.254761
3.846772	1.522970
3.854837	1.423268
3.862901	1.595597
3.870966	1.470730
3.879031	1.363064
3.887095	1.540171
3.895160	1.478375
3.903224	1.394281
3.911289	1.342041
3.919353	1.601331
3.927418	1.356375
3.935482	1.546224
3.943547	1.481879
3.951611	1.513414
3.959676	1.356694
3.967740	1.412756
3.975805	1.351597
3.983869	1.463404
3.991934	1.570114
3.999998	1.518829
4.008063	1.543675
4.016127	1.484427
4.024192	1.377717
4.032256	1.442062
4.040321	1.512777
4.048385	1.287252
4.056450	1.282156
4.064514	1.407023
4.072579	1.450025
4.080643	1.278015
4.088708	1.404793
4.096772	1.411482
4.104837	1.505132
4.112901	1.455759
4.120966	1.585722
4.129030	1.425816
4.137095	1.326114
4.145159	1.401607
4.153224	1.352234
4.161288	1.406385
4.169353	1.500673
4.177417	1.480605
4.185482	1.553550
4.193547	1.399378
4.201611	1.251576
4.209676	1.321973
4.217740	1.450025
4.225805	1.465634
4.233869	1.549728
4.241934	1.476145
4.249998	1.414667
4.258063	1.460218
4.266127	1.461811
4.274192	1.336307
4.282256	1.350641
4.290321	1.638918
4.298385	1.421357
4.306450	1.388866
4.314514	1.408934
4.322579	1.558965
4.330643	1.372939
4.338708	1.537305
4.346772	1.506725
4.354837	1.551957
4.362901	1.393325
4.370966	1.388866
4.379030	1.469456
4.387095	1.489524
4.395159	1.536986
4.403224	1.628406
4.411288	1.610887
4.419353	1.592730
4.427417	1.503221
4.435482	1.403200
4.443546	1.343633
4.451611	1.509592
4.459675	1.594004
4.467740	1.605153
4.475804	1.502902
4.483869	1.491754
4.491933	1.459263
4.499998	1.250302
4.508062	1.424542
4.516127	1.511503
4.524192	1.405430
4.532256	1.522015
4.540321	1.325477
4.548385	1.244250
4.556450	1.630636
4.564514	1.282793
4.572579	1.411164
4.580643	1.423587
4.588708	1.411801
4.596772	1.343633
4.604837	1.418171
4.612901	1.263043
4.620966	1.524245
4.629030	1.421675
4.637095	1.552913
4.645159	1.513414
4.653224	1.591775
4.661288	1.529978
4.669353	1.607383
4.677417	1.596234
4.685482	1.560876
4.693546	1.317195
4.701611	1.545905
4.709675	1.609931
4.717740	1.573936
4.725804	1.591456
4.733869	1.512777
4.741933	1.433461
4.749998	1.521696
4.758062	1.506406
4.766127	1.304135
4.774191	1.494939
4.782256	1.523289
4.790320	1.538260
4.798385	1.489524
4.806449	1.660260
4.814514	1.547816
4.822578	1.642741
4.830643	1.513096
4.838708	1.578077
4.846772	1.544312
4.854837	1.610887
4.862901	1.525200
4.870966	1.466589
4.879030	1.463722
4.887095	1.614709
4.895159	1.568521
4.903224	1.599738
4.911288	1.351278
4.919353	1.387273
4.927417	1.520104
4.935482	1.540490
4.943546	1.379310
4.951611	1.496532
4.959675	1.487931
4.967740	1.522333
4.975804	1.626495
4.983869	1.455759
4.991933	1.332485

