LabVIEW Measurement	
Writer_Version	2
Reader_Version	2
Separator	Tab
Decimal_Separator	.
Multi_Headings	Yes
X_Columns	One
Time_Pref	Absolute
Operator	labuser
Date	2023/05/16
Time	11:14:05.6072336624996892306
***End_of_Header***	
	
Channels	1	
Samples	620	
Date	2023/05/16	
Time	11:14:05.6072336624996892306	
Y_Unit_Label	Volts	
X_Dimension	Time	
X0	0.0000000000000000E+0	
Delta_X	0.008065	
***End_of_Header***		
X_Value	Voltage	Comment
0.000000	1.482516
0.008065	1.398741
0.016129	1.397466
0.024194	1.491435
0.032258	1.584130
0.040323	1.508955
0.048387	1.252532
0.056452	1.475190
0.064516	1.385362
0.072581	1.597827
0.080645	1.338855
0.088710	1.437602
0.096774	1.370709
0.104839	1.635733
0.112903	1.285341
0.120968	1.641467
0.129032	1.554824
0.137097	1.522970
0.145161	1.500036
0.153226	1.565654
0.161290	1.647519
0.169355	1.467863
0.177419	1.484427
0.185484	1.558647
0.193548	1.489205
0.201613	1.529341
0.209677	1.389503
0.217742	1.605153
0.225806	1.460218
0.233871	1.326751
0.241935	1.406704
0.250000	1.474553
0.258064	1.600694
0.266129	1.502265
0.274193	1.496850
0.282258	1.559921
0.290322	1.565017
0.298387	1.426453
0.306451	1.465315
0.314516	1.630636
0.322581	1.538579
0.330645	1.572662
0.338710	1.597190
0.346774	1.450344
0.354839	1.587952
0.362903	1.588908
0.370968	1.560239
0.379032	1.553550
0.387097	1.574574
0.395161	1.546224
0.403226	1.618213
0.411290	1.460855
0.419355	1.459263
0.427419	1.319743
0.435484	1.450344
0.443548	1.557372
0.451613	1.431869
0.459677	1.381221
0.467742	1.340767
0.475806	1.418490
0.483871	1.550683
0.491935	1.428046
0.500000	1.512777
0.508064	1.450344
0.516129	1.568521
0.524193	1.275466
0.532258	1.568840
0.540322	1.462448
0.548387	1.565017
0.556451	1.316558
0.564516	1.322610
0.572580	1.430276
0.580645	1.568521
0.588709	1.650067
0.596774	1.335670
0.604838	1.501947
0.612903	1.563106
0.620967	1.519785
0.629032	1.435372
0.637096	1.521378
0.645161	1.610568
0.653226	1.470730
0.661290	1.500354
0.669355	1.629681
0.677419	1.561195
0.685484	1.438876
0.693548	1.589545
0.701613	1.496532
0.709677	1.554506
0.717742	1.605790
0.725806	1.501947
0.733871	1.476464
0.741935	1.400652
0.750000	1.414030
0.758064	1.436010
0.766129	1.484746
0.774193	1.480286
0.782258	1.572344
0.790322	1.600057
0.798387	1.459581
0.806451	1.614709
0.814516	1.436010
0.822580	1.612480
0.830645	1.537623
0.838709	1.514370
0.846774	1.512140
0.854838	1.568840
0.862903	1.407341
0.870967	1.563106
0.879032	1.690840
0.887096	1.521059
0.895161	1.593367
0.903225	1.405748
0.911290	1.476464
0.919354	1.286297
0.927419	1.582856
0.935483	1.540809
0.943548	1.328662
0.951612	1.544312
0.959677	1.528386
0.967742	1.529660
0.975806	1.549090
0.983871	1.399059
0.991935	1.510229
1.000000	1.515007
1.008064	1.501947
1.016129	1.587952
1.024193	1.292986
1.032258	1.513733
1.040322	1.503540
1.048387	1.503858
1.056451	1.375806
1.064516	1.532527
1.072580	1.542720
1.080645	1.519148
1.088709	1.473916
1.096774	1.482835
1.104838	1.569158
1.112903	1.429639
1.120967	1.504814
1.129032	1.463085
1.137096	1.593049
1.145161	1.477419
1.153225	1.481560
1.161290	1.418490
1.169354	1.332166
1.177419	1.578396
1.185483	1.325477
1.193548	1.348730
1.201612	1.523926
1.209677	1.335989
1.217741	1.460855
1.225806	1.467863
1.233870	1.294579
1.241935	1.580307
1.249999	1.496532
1.258064	1.428046
1.266128	1.380902
1.274193	1.551002
1.282257	1.311461
1.290322	1.586678
1.298387	1.302224
1.306451	1.633185
1.314516	1.606427
1.322580	1.602605
1.330645	1.575848
1.338709	1.419446
1.346774	1.561832
1.354838	1.551957
1.362903	1.364338
1.370967	1.558965
1.379032	1.525519
1.387096	1.504814
1.395161	1.561832
1.403225	1.558647
1.411290	1.531571
1.419354	1.482835
1.427419	1.580626
1.435483	1.450344
1.443548	1.479968
1.451612	1.528704
1.459677	1.491754
1.467741	1.592730
1.475806	1.429320
1.483870	1.630636
1.491935	1.602923
1.499999	1.477101
1.508064	1.458944
1.516128	1.435691
1.524193	1.516918
1.532257	1.409252
1.540322	1.595279
1.548386	1.619806
1.556451	1.571388
1.564515	1.515007
1.572580	1.656119
1.580644	1.433461
1.588709	1.598464
1.596773	1.504177
1.604838	1.574574
1.612903	1.552276
1.620967	1.651023
1.629032	1.435372
1.637096	1.518829
1.645161	1.504495
1.653225	1.622354
1.661290	1.626177
1.669354	1.611205
1.677419	1.423587
1.685483	1.509592
1.693548	1.363701
1.701612	1.700078
1.709677	1.531571
1.717741	1.557054
1.725806	1.585085
1.733870	1.345863
1.741935	1.519148
1.749999	1.310187
1.758064	1.525837
1.766128	1.448751
1.774193	1.474553
1.782257	1.526474
1.790322	1.456396
1.798386	1.590819
1.806451	1.368798
1.814515	1.605790
1.822580	1.561195
1.830644	1.509910
1.838709	1.542083
1.846773	1.449707
1.854838	1.552276
1.862902	1.472641
1.870967	1.501947
1.879031	1.338218
1.887096	1.460855
1.895160	1.470093
1.903225	1.443336
1.911289	1.289163
1.919354	1.443017
1.927418	1.494620
1.935483	1.491435
1.943548	1.377399
1.951612	1.469775
1.959677	1.571070
1.967741	1.525200
1.975806	1.491117
1.983870	1.533801
1.991935	1.632229
1.999999	1.523289
2.008064	1.498124
2.016128	1.549728
2.024193	1.357012
2.032257	1.646563
2.040322	1.476464
2.048386	1.491117
2.056451	1.641148
2.064515	1.499080
2.072580	1.572981
2.080644	1.522652
2.088709	1.567247
2.096773	1.566292
2.104838	1.579352
2.112902	1.307002
2.120967	1.536668
2.129031	1.559921
2.137096	1.585404
2.145160	1.477419
2.153225	1.493665
2.161289	1.289163
2.169354	1.405111
2.177418	1.436647
2.185483	1.592730
2.193547	1.564062
2.201612	1.567247
2.209676	1.554187
2.217741	1.570751
2.225805	1.462767
2.233870	1.622673
2.241934	1.565654
2.249999	1.476145
2.258064	1.494302
2.266128	1.539534
2.274193	1.497487
2.282257	1.554506
2.290322	1.622354
2.298386	1.395555
2.306451	1.403837
2.314515	1.468182
2.322580	1.348412
2.330644	1.536986
2.338709	1.391733
2.346773	1.641148
2.354838	1.572662
2.362902	1.567566
2.370967	1.507999
2.379031	1.541764
2.387096	1.440788
2.395160	1.588908
2.403225	1.346819
2.411289	1.581263
2.419354	1.542083
2.427418	1.446203
2.435483	1.325477
2.443547	1.535393
2.451612	1.472641
2.459676	1.501310
2.467741	1.518192
2.475805	1.520422
2.483870	1.579670
2.491934	1.505769
2.499999	1.507999
2.508063	1.546542
2.516128	1.388866
2.524192	1.485701
2.532257	1.424542
2.540321	1.597190
2.548386	1.370072
2.556450	1.531252
2.564515	1.516918
2.572579	1.560558
2.580644	1.612798
2.588709	1.601649
2.596773	1.487294
2.604838	1.580944
2.612902	1.583811
2.620967	1.582856
2.629031	1.300312
2.637096	1.534438
2.645160	1.443017
2.653225	1.516600
2.661289	1.239472
2.669354	1.431231
2.677418	1.492072
2.685483	1.419127
2.693547	1.577122
2.701612	1.543038
2.709676	1.637326
2.717741	1.307639
2.725805	1.433461
2.733870	1.539853
2.741934	1.428365
2.749999	1.490480
2.758063	1.340130
2.766128	1.502902
2.774192	1.400015
2.782257	1.424224
2.790321	1.456396
2.798386	1.495576
2.806450	1.375806
2.814515	1.534119
2.822579	1.620124
2.830644	1.584448
2.838708	1.460855
2.846773	1.573299
2.854837	1.425816
2.862902	1.364338
2.870966	1.416260
2.879031	1.513733
2.887095	1.561195
2.895160	1.621399
2.903225	1.582218
2.911289	1.570433
2.919354	1.410526
2.927418	1.509910
2.935483	1.582856
2.943547	1.523607
2.951612	1.449707
2.959676	1.485701
2.967741	1.534438
2.975805	1.568521
2.983870	1.363383
2.991934	1.559921
2.999999	1.679691
3.008063	1.580626
3.016128	1.524245
3.024192	1.698166
3.032257	1.567247
3.040321	1.602605
3.048386	1.506406
3.056450	1.360835
3.064515	1.531889
3.072579	1.598145
3.080644	1.517874
3.088708	1.372939
3.096773	1.564380
3.104837	1.452892
3.112902	1.437921
3.120966	1.515963
3.129031	1.352234
3.137095	1.578396
3.145160	1.526793
3.153224	1.577122
3.161289	1.453211
3.169353	1.583811
3.177418	1.540490
3.185482	1.588908
3.193547	1.565336
3.201611	1.610250
3.209676	1.520422
3.217740	1.451936
3.225805	1.599738
3.233870	1.521059
3.241934	1.550365
3.249999	1.489205
3.258063	1.582218
3.266128	1.600694
3.274192	1.439195
3.282257	1.530297
3.290321	1.474553
3.298386	1.281200
3.306450	1.367205
3.314515	1.501947
3.322579	1.522652
3.330644	1.394918
3.338708	1.525200
3.346773	1.573618
3.354837	1.580307
3.362902	1.480923
3.370966	1.355738
3.379031	1.336944
3.387095	1.496850
3.395160	1.565654
3.403224	1.494620
3.411289	1.457670
3.419353	1.346819
3.427418	1.389503
3.435482	1.504495
3.443547	1.435691
3.451611	1.531889
3.459676	1.443336
3.467740	1.357649
3.475805	1.261451
3.483869	1.307957
3.491934	1.522652
3.499998	1.578715
3.508063	1.384725
3.516127	1.594323
3.524192	1.537623
3.532256	1.271644
3.540321	1.638600
3.548386	1.504177
3.556450	1.310187
3.564515	1.446203
3.572579	1.462130
3.580644	1.372302
3.588708	1.559602
3.596773	1.605472
3.604837	1.482198
3.612902	1.512459
3.620966	1.542720
3.629031	1.607064
3.637095	1.567884
3.645160	1.494939
3.653224	1.421038
3.661289	1.437921
3.669353	1.450025
3.677418	1.565017
3.685482	1.393325
3.693547	1.529023
3.701611	1.442380
3.709676	1.408297
3.717740	1.415942
3.725805	1.375806
3.733869	1.482835
3.741934	1.614072
3.749998	1.553550
3.758063	1.443017
3.766127	1.469137
3.774192	1.635733
3.782256	1.550683
3.790321	1.361472
3.798385	1.481560
3.806450	1.586678
3.814514	1.296490
3.822579	1.506406
3.830643	1.496532
3.838708	1.292986
3.846772	1.548453
3.854837	1.493028
3.862901	1.314009
3.870966	1.392688
3.879031	1.625858
3.887095	1.555143
3.895160	1.557054
3.903224	1.473278
3.911289	1.497487
3.919353	1.480605
3.927418	1.430276
3.935482	1.499717
3.943547	1.612480
3.951611	1.670772
3.959676	1.588589
3.967740	1.421675
3.975805	1.450981
3.983869	1.490480
3.991934	1.425816
3.999998	1.511184
4.008063	1.543994
4.016127	1.509910
4.024192	1.521378
4.032256	1.422949
4.040321	1.493028
4.048385	1.307957
4.056450	1.426135
4.064514	1.517874
4.072579	1.580626
4.080643	1.416579
4.088708	1.546224
4.096772	1.561832
4.104837	1.538579
4.112901	1.503858
4.120966	1.602923
4.129030	1.592412
4.137095	1.515325
4.145159	1.495895
4.153224	1.380584
4.161288	1.510229
4.169353	1.374213
4.177417	1.506406
4.185482	1.510547
4.193547	1.412438
4.201611	1.349367
4.209676	1.572981
4.217740	1.457989
4.225805	1.650067
4.233869	1.615983
4.241934	1.627769
4.249998	1.614709
4.258063	1.442380
4.266127	1.522333
4.274192	1.540490
4.282256	1.589545
4.290321	1.459900
4.298385	1.524245
4.306450	1.382495
4.314514	1.511822
4.322579	1.587634
4.330643	1.500991
4.338708	1.604198
4.346772	1.501628
4.354837	1.510866
4.362901	1.555143
4.370966	1.456396
4.379030	1.479012
4.387095	1.565654
4.395159	1.522970
4.403224	1.471049
4.411288	1.493983
4.419353	1.573618
4.427417	1.420083
4.435482	1.470730
4.443546	1.548135
4.451611	1.491117
4.459675	1.605790
4.467740	1.454166
4.475804	1.442699
4.483869	1.582218
4.491933	1.635096
4.499998	1.579033
4.508062	1.609613
4.516127	1.537623
4.524192	1.606427
4.532256	1.510866
4.540321	1.403519
4.548385	1.626814
4.556450	1.562788
4.564514	1.694344
4.572579	1.435372
4.580643	1.638918
4.588708	1.527111
4.596772	1.676187
4.604837	1.545587
4.612901	1.563106
4.620966	1.500991
4.629030	1.665994
4.637095	1.547498
4.645159	1.512140
4.653224	1.601968
4.661288	1.579670
4.669353	1.480605
4.677417	1.384088
4.685482	1.585722
4.693546	1.509273
4.701611	1.383132
4.709675	1.474234
4.717740	1.396829
4.725804	1.502265
4.733869	1.499080
4.741933	1.407660
4.749998	1.578396
4.758062	1.522333
4.766127	1.637326
4.774191	1.613435
4.782256	1.331848
4.790320	1.431869
4.798385	1.445566
4.806449	1.387592
4.814514	1.588589
4.822578	1.574255
4.830643	1.502584
4.838708	1.446521
4.846772	1.528704
4.854837	1.587952
4.862901	1.497806
4.870966	1.346500
4.879030	1.618532
4.887095	1.346500
4.895159	1.517237
4.903224	1.601649
4.911288	1.527748
4.919353	1.356694
4.927417	1.535075
4.935482	1.584448
4.943546	1.634459
4.951611	1.460537
4.959675	1.636688
4.967740	1.466271
4.975804	1.398103
4.983869	1.506406
4.991933	1.529660

