LabVIEW Measurement	
Writer_Version	2
Reader_Version	2
Separator	Tab
Decimal_Separator	.
Multi_Headings	Yes
X_Columns	One
Time_Pref	Absolute
Operator	labuser
Date	2023/05/16
Time	10:53:58.8600102624995583444
***End_of_Header***	
	
Channels	1	
Samples	620	
Date	2023/05/16	
Time	10:53:58.8600102624995583444	
Y_Unit_Label	Volts	
X_Dimension	Time	
X0	0.0000000000000000E+0	
Delta_X	0.008065	
***End_of_Header***		
X_Value	Voltage	Comment
0.000000	1.621080
0.008065	1.627451
0.016129	1.615028
0.024194	1.633822
0.032258	1.618532
0.040323	1.615983
0.048387	1.637963
0.056452	1.627132
0.064516	1.622036
0.072581	1.637007
0.080645	1.619806
0.088710	1.631273
0.096774	1.620443
0.104839	1.620443
0.112903	1.639874
0.120968	1.624584
0.129032	1.622673
0.137097	1.639874
0.145161	1.626495
0.153226	1.626177
0.161290	1.636370
0.169355	1.622036
0.177419	1.632866
0.185484	1.629362
0.193548	1.621399
0.201613	1.641467
0.209677	1.621399
0.217742	1.630955
0.225806	1.629362
0.233871	1.619169
0.241935	1.633503
0.250000	1.630318
0.258064	1.615983
0.266129	1.631273
0.274193	1.615028
0.282258	1.630318
0.290322	1.630318
0.298387	1.623310
0.306451	1.635733
0.314516	1.631273
0.322581	1.625540
0.330645	1.638281
0.338710	1.618850
0.346774	1.631910
0.354839	1.623310
0.362903	1.621080
0.370968	1.635733
0.379032	1.624265
0.387097	1.629362
0.395161	1.632866
0.403226	1.616621
0.411290	1.633185
0.419355	1.619487
0.427419	1.619806
0.435484	1.638281
0.443548	1.624584
0.451613	1.624903
0.459677	1.635096
0.467742	1.611205
0.475806	1.635096
0.483871	1.624903
0.491935	1.620762
0.500000	1.636688
0.508064	1.626177
0.516129	1.622354
0.524193	1.644015
0.532258	1.613117
0.540322	1.631273
0.548387	1.631273
0.556451	1.616302
0.564516	1.636370
0.572580	1.629362
0.580645	1.622991
0.588709	1.628088
0.596774	1.616939
0.604838	1.624584
0.612903	1.626177
0.620967	1.611842
0.629032	1.630955
0.637096	1.623628
0.645161	1.619806
0.653226	1.639237
0.661290	1.625858
0.669355	1.623628
0.677419	1.635733
0.685484	1.621399
0.693548	1.625858
0.701613	1.627451
0.709677	1.619169
0.717742	1.633822
0.725806	1.629681
0.733871	1.619806
0.741935	1.638600
0.750000	1.620443
0.758064	1.623947
0.766129	1.639555
0.774193	1.621399
0.782258	1.657712
0.790322	1.625540
0.798387	1.610568
0.806451	1.637644
0.814516	1.620124
0.822580	1.622673
0.830645	1.631273
0.838709	1.620443
0.846774	1.633185
0.854838	1.633185
0.862903	1.620762
0.870967	1.642741
0.879032	1.626814
0.887096	1.627132
0.895161	1.629999
0.903225	1.623310
0.911290	1.628725
0.919354	1.629044
0.927419	1.623628
0.935483	1.635733
0.943548	1.615983
0.951612	1.629362
0.959677	1.631273
0.967742	1.622036
0.975806	1.635733
0.983871	1.623310
0.991935	1.622036
1.000000	1.634777
1.008064	1.627769
1.016129	1.633503
1.024193	1.639237
1.032258	1.623947
1.040322	1.636051
1.048387	1.628725
1.056451	1.625540
1.064516	1.637963
1.072580	1.613435
1.080645	1.629044
1.088709	1.611524
1.096774	1.626495
1.104838	1.638281
1.112903	1.632866
1.120967	1.630636
1.129032	1.626177
1.137096	1.622991
1.145161	1.635414
1.153225	1.624584
1.161290	1.625540
1.169354	1.634777
1.177419	1.619487
1.185483	1.632866
1.193548	1.623947
1.201612	1.622354
1.209677	1.633822
1.217741	1.626177
1.225806	1.624903
1.233870	1.629999
1.241935	1.617258
1.249999	1.632547
1.258064	1.632229
1.266128	1.621399
1.274193	1.637644
1.282257	1.623628
1.290322	1.627132
1.298387	1.624584
1.306451	1.614391
1.314516	1.643378
1.322580	1.629362
1.330645	1.623310
1.338709	1.635733
1.346774	1.605790
1.354838	1.629999
1.362903	1.633185
1.370967	1.619487
1.379032	1.635096
1.387096	1.624584
1.395161	1.622036
1.403225	1.635096
1.411290	1.615983
1.419354	1.627769
1.427419	1.631273
1.435483	1.619169
1.443548	1.634459
1.451612	1.623947
1.459677	1.624265
1.467741	1.634459
1.475806	1.615028
1.483870	1.627132
1.491935	1.629999
1.499999	1.616302
1.508064	1.636688
1.516128	1.627451
1.524193	1.620443
1.532257	1.621399
1.540322	1.624584
1.548386	1.626495
1.556451	1.632547
1.564515	1.619806
1.572580	1.638918
1.580644	1.630318
1.588709	1.621717
1.596773	1.638600
1.604838	1.627451
1.612903	1.628406
1.620967	1.638600
1.629032	1.618532
1.637096	1.631592
1.645161	1.628406
1.653225	1.619169
1.661290	1.637326
1.669354	1.624584
1.677419	1.626177
1.685483	1.633822
1.693548	1.624265
1.701612	1.637007
1.709677	1.626177
1.717741	1.623310
1.725806	1.642104
1.733870	1.620762
1.741935	1.630955
1.749999	1.636370
1.758064	1.617258
1.766128	1.634140
1.774193	1.624903
1.782257	1.621080
1.790322	1.636370
1.798386	1.626814
1.806451	1.629362
1.814515	1.634459
1.822580	1.625540
1.830644	1.637007
1.838709	1.624584
1.846773	1.621399
1.854838	1.635096
1.862902	1.620443
1.870967	1.623310
1.879031	1.631273
1.887096	1.623628
1.895160	1.633503
1.903225	1.632547
1.911289	1.622673
1.919354	1.641785
1.927418	1.631273
1.935483	1.628725
1.943548	1.637644
1.951612	1.604835
1.959677	1.635096
1.967741	1.621717
1.975806	1.621080
1.983870	1.635733
1.991935	1.626814
1.999999	1.626177
2.008064	1.628088
2.016128	1.619806
2.024193	1.632866
2.032257	1.636688
2.040322	1.616621
2.048386	1.633822
2.056451	1.622991
2.064515	1.625540
2.072580	1.637644
2.080644	1.610887
2.088709	1.647200
2.096773	1.615665
2.104838	1.624903
2.112902	1.636051
2.120967	1.626177
2.129031	1.619806
2.137096	1.637644
2.145160	1.613117
2.153225	1.629999
2.161289	1.626177
2.169354	1.620443
2.177418	1.633822
2.185483	1.618532
2.193547	1.611524
2.201612	1.638281
2.209676	1.626814
2.217741	1.625540
2.225805	1.630955
2.233870	1.615983
2.241934	1.633503
2.249999	1.627451
2.258064	1.620443
2.266128	1.637644
2.274193	1.628406
2.282257	1.624903
2.290322	1.639555
2.298386	1.610250
2.306451	1.633185
2.314515	1.630636
2.322580	1.628406
2.330644	1.632547
2.338709	1.630955
2.346773	1.619806
2.354838	1.631910
2.362902	1.627132
2.370967	1.623310
2.379031	1.628725
2.387096	1.604198
2.395160	1.631592
2.403225	1.634140
2.411289	1.622673
2.419354	1.633185
2.427418	1.621080
2.435483	1.621399
2.443547	1.637644
2.451612	1.617258
2.459676	1.627769
2.467741	1.635414
2.475805	1.618532
2.483870	1.637007
2.491934	1.625221
2.499999	1.621080
2.508063	1.640511
2.516128	1.616939
2.524192	1.621080
2.532257	1.637644
2.540321	1.615983
2.548386	1.628406
2.556450	1.625540
2.564515	1.627451
2.572579	1.640511
2.580644	1.628725
2.588709	1.621717
2.596773	1.637007
2.604838	1.623628
2.612902	1.627132
2.620967	1.635096
2.629031	1.624584
2.637096	1.639237
2.645160	1.626177
2.653225	1.620443
2.661289	1.632547
2.669354	1.620124
2.677418	1.639874
2.685483	1.633822
2.693547	1.623310
2.701612	1.637326
2.709676	1.626495
2.717741	1.620124
2.725805	1.635096
2.733870	1.615983
2.741934	1.625540
2.749999	1.630955
2.758063	1.617895
2.766128	1.633822
2.774192	1.627132
2.782257	1.615346
2.790321	1.638918
2.798386	1.624584
2.806450	1.627132
2.814515	1.637007
2.822579	1.614709
2.830644	1.630636
2.838708	1.633503
2.846773	1.613117
2.854837	1.634459
2.862902	1.626177
2.870966	1.612161
2.879031	1.643378
2.887095	1.627132
2.895160	1.624584
2.903225	1.632229
2.911289	1.622354
2.919354	1.629681
2.927418	1.630955
2.935483	1.617895
2.943547	1.632866
2.951612	1.624584
2.959676	1.620762
2.967741	1.637963
2.975805	1.624584
2.983870	1.623628
2.991934	1.640511
2.999999	1.614709
3.008063	1.634459
3.016128	1.633503
3.024192	1.615665
3.032257	1.636688
3.040321	1.630955
3.048386	1.621717
3.056450	1.628725
3.064515	1.629044
3.072579	1.623947
3.080644	1.636370
3.088708	1.617895
3.096773	1.638281
3.104837	1.624265
3.112902	1.620762
3.120966	1.641785
3.129031	1.627451
3.137095	1.625540
3.145160	1.636370
3.153224	1.618850
3.161289	1.629362
3.169353	1.636370
3.177418	1.622036
3.185482	1.635414
3.193547	1.614072
3.201611	1.619169
3.209676	1.637007
3.217740	1.616302
3.225805	1.628406
3.233870	1.620443
3.241934	1.620443
3.249999	1.644333
3.258063	1.619169
3.266128	1.622354
3.274192	1.633503
3.282257	1.625858
3.290321	1.629044
3.298386	1.628406
3.306450	1.619487
3.314515	1.638918
3.322579	1.627132
3.330644	1.624903
3.338708	1.632229
3.346773	1.624265
3.354837	1.629362
3.362902	1.632547
3.370966	1.620762
3.379031	1.651341
3.387095	1.625858
3.395160	1.622036
3.403224	1.632866
3.411289	1.622354
3.419353	1.631592
3.427418	1.628725
3.435482	1.622673
3.443547	1.635733
3.451611	1.625540
3.459676	1.624903
3.467740	1.641785
3.475805	1.613117
3.483869	1.637007
3.491934	1.622354
3.499998	1.618213
3.508063	1.637007
3.516127	1.621717
3.524192	1.626814
3.532256	1.631273
3.540321	1.622036
3.548386	1.630636
3.556450	1.629999
3.564515	1.626177
3.572579	1.633185
3.580644	1.621399
3.588708	1.622354
3.596773	1.635414
3.604837	1.622354
3.612902	1.629681
3.620966	1.633822
3.629031	1.620443
3.637095	1.636688
3.645160	1.634459
3.653224	1.618850
3.661289	1.633185
3.669353	1.615028
3.677418	1.625540
3.685482	1.639874
3.693547	1.608657
3.701611	1.629044
3.709676	1.632547
3.717740	1.621717
3.725805	1.634140
3.733869	1.629681
3.741934	1.620762
3.749998	1.627451
3.758063	1.606427
3.766127	1.625858
3.774192	1.627769
3.782256	1.613754
3.790321	1.632547
3.798385	1.622036
3.806450	1.620762
3.814514	1.641467
3.822579	1.616302
3.830643	1.627769
3.838708	1.633503
3.846772	1.620762
3.854837	1.639555
3.862901	1.629999
3.870966	1.619169
3.879031	1.634459
3.887095	1.628088
3.895160	1.629362
3.903224	1.636051
3.911289	1.624584
3.919353	1.632547
3.927418	1.629362
3.935482	1.616302
3.943547	1.632229
3.951611	1.616302
3.959676	1.615983
3.967740	1.636688
3.975805	1.629681
3.983869	1.631592
3.991934	1.636688
3.999998	1.618213
4.008063	1.635414
4.016127	1.622036
4.024192	1.622673
4.032256	1.638281
4.040321	1.603560
4.048385	1.627451
4.056450	1.624584
4.064514	1.615028
4.072579	1.631592
4.080643	1.627769
4.088708	1.621399
4.096772	1.630636
4.104837	1.619806
4.112901	1.624265
4.120966	1.637007
4.129030	1.621399
4.137095	1.629044
4.145159	1.632547
4.153224	1.616621
4.161288	1.640192
4.169353	1.618213
4.177417	1.624584
4.185482	1.633503
4.193547	1.624265
4.201611	1.629999
4.209676	1.628725
4.217740	1.619169
4.225805	1.633822
4.233869	1.622991
4.241934	1.621717
4.249998	1.636051
4.258063	1.626814
4.266127	1.628088
4.274192	1.633503
4.282256	1.622991
4.290321	1.632866
4.298385	1.628725
4.306450	1.619487
4.314514	1.638281
4.322579	1.626177
4.330643	1.621399
4.338708	1.636370
4.346772	1.615983
4.354837	1.624903
4.362901	1.629681
4.370966	1.623310
4.379030	1.629362
4.387095	1.632866
4.395159	1.615028
4.403224	1.645926
4.411288	1.629362
4.419353	1.621399
4.427417	1.624903
4.435482	1.615028
4.443546	1.621399
4.451611	1.635733
4.459675	1.615665
4.467740	1.631273
4.475804	1.634459
4.483869	1.619487
4.491933	1.650067
4.499998	1.625858
4.508062	1.619487
4.516127	1.638281
4.524192	1.617576
4.532256	1.621080
4.540321	1.625540
4.548385	1.601968
4.556450	1.629044
4.564514	1.632229
4.572579	1.621080
4.580643	1.634459
4.588708	1.628088
4.596772	1.622036
4.604837	1.629362
4.612901	1.624265
4.620966	1.626177
4.629030	1.635414
4.637095	1.621080
4.645159	1.627451
4.653224	1.626814
4.661288	1.615346
4.669353	1.636688
4.677417	1.625540
4.685482	1.620124
4.693546	1.643696
4.701611	1.620762
4.709675	1.619806
4.717740	1.634459
4.725804	1.619487
4.733869	1.630318
4.741933	1.629362
4.749998	1.621080
4.758062	1.644015
4.766127	1.624584
4.774191	1.607064
4.782256	1.640192
4.790320	1.625540
4.798385	1.624903
4.806449	1.638281
4.814514	1.621717
4.822578	1.626814
4.830643	1.631592
4.838708	1.617895
4.846772	1.626177
4.854837	1.624903
4.862901	1.615028
4.870966	1.643059
4.879030	1.615028
4.887095	1.626177
4.895159	1.635096
4.903224	1.620762
4.911288	1.635733
4.919353	1.632547
4.927417	1.621080
4.935482	1.635733
4.943546	1.613754
4.951611	1.620124
4.959675	1.635733
4.967740	1.620762
4.975804	1.624903
4.983869	1.632547
4.991933	1.620443

