LabVIEW Measurement	
Writer_Version	2
Reader_Version	2
Separator	Tab
Decimal_Separator	.
Multi_Headings	Yes
X_Columns	One
Time_Pref	Absolute
Operator	labuser
Date	2023/05/16
Time	11:17:50.8748367624995506673
***End_of_Header***	
	
Channels	1	
Samples	620	
Date	2023/05/16	
Time	11:17:50.8748367624995506673	
Y_Unit_Label	Volts	
X_Dimension	Time	
X0	0.0000000000000000E+0	
Delta_X	0.008065	
***End_of_Header***		
X_Value	Voltage	Comment
0.000000	1.641467
0.008065	1.644333
0.016129	1.622036
0.024194	1.627769
0.032258	1.627132
0.040323	1.625221
0.048387	1.650067
0.056452	1.600375
0.064516	1.659942
0.072581	1.492072
0.080645	1.657712
0.088710	1.609294
0.096774	1.637007
0.104839	1.645289
0.112903	1.630636
0.120968	1.651978
0.129032	1.628725
0.137097	1.636688
0.145161	1.639555
0.153226	1.653252
0.161290	1.648156
0.169355	1.641467
0.177419	1.655164
0.185484	1.646563
0.193548	1.616939
0.201613	1.637326
0.209677	1.631273
0.217742	1.644333
0.225806	1.638918
0.233871	1.654527
0.241935	1.636688
0.250000	1.633185
0.258064	1.637644
0.266129	1.645926
0.274193	1.633503
0.282258	1.615983
0.290322	1.607383
0.298387	1.658030
0.306451	1.636370
0.314516	1.636051
0.322581	1.634777
0.330645	1.620124
0.338710	1.633822
0.346774	1.612480
0.354839	1.630636
0.362903	1.635733
0.370968	1.632866
0.379032	1.644333
0.387097	1.615028
0.395161	1.640192
0.403226	1.643378
0.411290	1.659305
0.419355	1.490161
0.427419	1.639555
0.435484	1.657712
0.443548	1.639874
0.451613	1.658986
0.459677	1.633822
0.467742	1.627769
0.475806	1.655801
0.483871	1.626814
0.491935	1.643378
0.500000	1.625540
0.508064	1.638600
0.516129	1.653571
0.524193	1.625221
0.532258	1.661216
0.540322	1.618850
0.548387	1.655482
0.556451	1.604516
0.564516	1.658668
0.572580	1.605153
0.580645	1.643378
0.588709	1.634459
0.596774	1.645926
0.604838	1.641467
0.612903	1.632866
0.620967	1.642422
0.629032	1.631910
0.637096	1.646245
0.645161	1.624584
0.653226	1.659623
0.661290	1.610887
0.669355	1.659942
0.677419	1.560876
0.685484	1.651660
0.693548	1.622036
0.701613	1.637326
0.709677	1.673957
0.717742	1.610887
0.725806	1.651341
0.733871	1.649111
0.741935	1.615028
0.750000	1.641148
0.758064	1.624903
0.766129	1.661534
0.774193	1.577122
0.782258	1.655482
0.790322	1.608339
0.798387	1.635733
0.806451	1.643696
0.814516	1.650704
0.822580	1.624584
0.830645	1.643059
0.838709	1.624584
0.846774	1.674913
0.854838	1.620762
0.862903	1.650386
0.870967	1.633822
0.879032	1.628406
0.887096	1.649749
0.895161	1.614709
0.903225	1.665675
0.911290	1.604516
0.919354	1.644970
0.927419	1.633822
0.935483	1.642422
0.943548	1.630955
0.951612	1.630636
0.959677	1.633503
0.967742	1.635414
0.975806	1.637963
0.983871	1.635733
0.991935	1.644970
1.000000	1.618213
1.008064	1.652297
1.016129	1.634777
1.024193	1.624903
1.032258	1.650386
1.040322	1.611842
1.048387	1.645289
1.056451	1.543357
1.064516	1.655164
1.072580	1.612161
1.080645	1.656438
1.088709	1.626177
1.096774	1.641785
1.104838	1.618850
1.112903	1.650704
1.120967	1.627132
1.129032	1.644652
1.137096	1.634777
1.145161	1.650067
1.153225	1.628725
1.161290	1.638600
1.169354	1.637007
1.177419	1.621399
1.185483	1.640829
1.193548	1.633185
1.201612	1.650386
1.209677	1.629362
1.217741	1.642104
1.225806	1.633185
1.233870	1.633822
1.241935	1.639874
1.249999	1.641467
1.258064	1.624584
1.266128	1.645926
1.274193	1.601012
1.282257	1.647837
1.290322	1.649749
1.298387	1.557691
1.306451	1.646882
1.314516	1.622991
1.322580	1.653571
1.330645	1.603242
1.338709	1.635733
1.346774	1.623310
1.354838	1.664401
1.362903	1.622354
1.370967	1.643696
1.379032	1.649430
1.387096	1.641148
1.395161	1.635414
1.403225	1.657712
1.411290	1.720782
1.419354	1.632866
1.427419	1.637963
1.435483	1.651978
1.443548	1.640511
1.451612	1.633822
1.459677	1.647837
1.467741	1.648156
1.475806	1.648156
1.483870	1.656756
1.491935	1.636370
1.499999	1.638281
1.508064	1.640192
1.516128	1.640192
1.524193	1.652297
1.532257	1.621399
1.540322	1.650704
1.548386	1.630636
1.556451	1.630636
1.564515	1.648474
1.572580	1.636688
1.580644	1.631910
1.588709	1.648156
1.596773	1.636051
1.604838	1.639555
1.612903	1.642741
1.620967	1.641467
1.629032	1.636688
1.637096	1.635096
1.645161	1.658030
1.653225	1.601331
1.661290	1.638600
1.669354	1.687973
1.677419	1.621080
1.685483	1.634140
1.693548	1.643696
1.701612	1.673002
1.709677	1.637963
1.717741	1.635414
1.725806	1.625221
1.733870	1.648156
1.741935	1.609613
1.749999	1.677461
1.758064	1.602923
1.766128	1.651660
1.774193	1.608976
1.782257	1.648474
1.790322	1.633822
1.798386	1.644015
1.806451	1.640192
1.814515	1.633503
1.822580	1.649749
1.830644	1.638281
1.838709	1.666631
1.846773	1.600694
1.854838	1.629362
1.862902	1.660260
1.870967	1.574892
1.879031	1.676506
1.887096	1.590819
1.895160	1.683514
1.903225	1.595279
1.911289	1.656756
1.919354	1.608976
1.927418	1.590819
1.935483	1.612161
1.943548	1.647200
1.951612	1.638281
1.959677	1.633822
1.967741	1.639555
1.975806	1.640192
1.983870	1.644333
1.991935	1.665675
1.999999	1.636051
2.008064	1.642422
2.016128	1.654845
2.024193	1.633822
2.032257	1.646245
2.040322	1.638281
2.048386	1.641148
2.056451	1.653252
2.064515	1.650704
2.072580	1.645608
2.080644	1.654527
2.088709	1.607383
2.096773	1.642741
2.104838	1.635414
2.112902	1.647519
2.120967	1.635414
2.129031	1.633185
2.137096	1.636370
2.145160	1.594323
2.153225	1.639555
2.161289	1.613117
2.169354	1.653889
2.177418	1.621399
2.185483	1.641467
2.193547	1.637326
2.201612	1.635414
2.209676	1.621717
2.217741	1.643378
2.225805	1.633822
2.233870	1.634459
2.241934	1.621717
2.249999	1.652934
2.258064	1.644970
2.266128	1.631273
2.274193	1.629044
2.282257	1.654527
2.290322	1.630318
2.298386	1.654208
2.306451	1.601968
2.314515	1.664083
2.322580	1.604835
2.330644	1.643378
2.338709	1.640511
2.346773	1.627769
2.354838	1.637007
2.362902	1.572981
2.370967	1.626495
2.379031	1.629362
2.387096	1.634140
2.395160	1.642741
2.403225	1.639555
2.411289	1.648474
2.419354	1.650704
2.427418	1.634777
2.435483	1.647837
2.443547	1.637644
2.451612	1.635096
2.459676	1.645926
2.467741	1.649430
2.475805	1.594004
2.483870	1.658349
2.491934	1.613117
2.499999	1.655801
2.508063	1.411482
2.516128	1.621080
2.524192	1.625540
2.532257	1.627769
2.540321	1.641467
2.548386	1.633822
2.556450	1.642741
2.564515	1.628406
2.572579	1.638918
2.580644	1.647837
2.588709	1.640511
2.596773	1.641148
2.604838	1.654845
2.612902	1.614391
2.620967	1.658986
2.629031	1.626495
2.637096	1.617258
2.645160	1.671409
2.653225	1.647837
2.661289	1.629044
2.669354	1.647519
2.677418	1.676187
2.685483	1.651023
2.693547	1.627769
2.701612	1.665357
2.709676	1.621399
2.717741	1.636051
2.725805	1.643696
2.733870	1.622036
2.741934	1.639237
2.749999	1.641467
2.758063	1.629362
2.766128	1.637963
2.774192	1.639555
2.782257	1.622991
2.790321	1.640192
2.798386	1.650704
2.806450	1.636688
2.814515	1.670772
2.822579	1.638600
2.830644	1.644970
2.838708	1.626814
2.846773	1.651341
2.854837	1.636688
2.862902	1.631273
2.870966	1.541446
2.879031	1.619487
2.887095	1.629681
2.895160	1.631910
2.903225	1.637963
2.911289	1.640511
2.919354	1.633822
2.927418	1.635096
2.935483	1.644652
2.943547	1.651978
2.951612	1.643696
2.959676	1.648793
2.967741	1.624903
2.975805	1.645608
2.983870	1.643378
2.991934	1.619487
2.999999	1.551320
3.008063	1.599738
3.016128	1.618213
3.024192	1.674594
3.032257	1.629362
3.040321	1.651341
3.048386	1.625540
3.056450	1.652615
3.064515	1.622673
3.072579	1.636051
3.080644	1.637644
3.088708	1.637007
3.096773	1.643378
3.104837	1.629362
3.112902	1.605472
3.120966	1.606427
3.129031	1.648793
3.137095	1.643696
3.145160	1.646563
3.153224	1.628725
3.161289	1.665357
3.169353	1.601331
3.177418	1.679691
3.185482	1.642104
3.193547	1.633185
3.201611	1.634777
3.209676	1.649749
3.217740	1.639237
3.225805	1.623628
3.233870	1.651023
3.241934	1.626495
3.249999	1.641785
3.258063	1.637326
3.266128	1.650067
3.274192	1.643059
3.282257	1.665994
3.290321	1.590500
3.298386	1.629681
3.306450	1.644652
3.314515	1.608020
3.322579	1.643378
3.330644	1.610250
3.338708	1.640192
3.346773	1.635414
3.354837	1.645926
3.362902	1.629999
3.370966	1.641467
3.379031	1.623628
3.387095	1.642741
3.395160	1.627769
3.403224	1.638600
3.411289	1.626814
3.419353	1.648474
3.427418	1.641467
3.435482	1.627769
3.443547	1.638918
3.451611	1.654845
3.459676	1.604516
3.467740	1.616621
3.475805	1.631910
3.483869	1.641148
3.491934	1.638600
3.499998	1.631910
3.508063	1.639555
3.516127	1.641148
3.524192	1.636688
3.532256	1.643696
3.540321	1.648474
3.548386	1.632229
3.556450	1.629681
3.564515	1.637326
3.572579	1.637644
3.580644	1.649430
3.588708	1.634459
3.596773	1.648793
3.604837	1.617576
3.612902	1.659623
3.620966	1.635733
3.629031	1.609294
3.637095	1.626495
3.645160	1.628725
3.653224	1.643059
3.661289	1.628725
3.669353	1.652297
3.677418	1.612798
3.685482	1.628725
3.693547	1.641148
3.701611	1.645926
3.709676	1.611524
3.717740	1.673639
3.725805	1.610887
3.733869	1.629999
3.741934	1.647837
3.749998	1.576485
3.758063	1.634459
3.766127	1.665038
3.774192	1.609294
3.782256	1.643378
3.790321	1.640192
3.798385	1.632547
3.806450	1.641785
3.814514	1.639555
3.822579	1.656119
3.830643	1.609294
3.838708	1.653252
3.846772	1.638281
3.854837	1.633822
3.862901	1.639874
3.870966	1.624903
3.879031	1.627769
3.887095	1.652934
3.895160	1.634140
3.903224	1.658668
3.911289	1.625540
3.919353	1.653571
3.927418	1.634140
3.935482	1.628725
3.943547	1.649430
3.951611	1.617895
3.959676	1.648793
3.967740	1.617258
3.975805	1.649111
3.983869	1.623947
3.991934	1.640829
3.999998	1.643378
4.008063	1.614072
4.016127	1.658349
4.024192	1.624265
4.032256	1.639555
4.040321	1.661216
4.048385	1.631592
4.056450	1.628088
4.064514	1.651978
4.072579	1.613754
4.080643	1.622673
4.088708	1.656756
4.096772	1.612798
4.104837	1.641467
4.112901	1.622036
4.120966	1.624584
4.129030	1.639874
4.137095	1.625221
4.145159	1.626814
4.153224	1.651341
4.161288	1.625858
4.169353	1.620762
4.177417	1.621717
4.185482	1.634459
4.193547	1.619169
4.201611	1.647200
4.209676	1.635096
4.217740	1.614391
4.225805	1.643378
4.233869	1.624584
4.241934	1.640192
4.249998	1.602286
4.258063	1.642741
4.266127	1.629999
4.274192	1.652615
4.282256	1.622673
4.290321	1.655164
4.298385	1.630636
4.306450	1.636688
4.314514	1.637644
4.322579	1.645289
4.330643	1.622036
4.338708	1.642741
4.346772	1.630955
4.354837	1.651660
4.362901	1.620443
4.370966	1.668861
4.379030	1.615983
4.387095	1.656119
4.395159	1.617576
4.403224	1.660579
4.411288	1.626177
4.419353	1.626177
4.427417	1.642422
4.435482	1.615665
4.443546	1.645608
4.451611	1.639555
4.459675	1.617895
4.467740	1.633185
4.475804	1.620762
4.483869	1.648793
4.491933	1.616939
4.499998	1.649111
4.508062	1.608020
4.516127	1.647519
4.524192	1.627451
4.532256	1.688929
4.540321	1.591456
4.548385	1.644652
4.556450	1.627451
4.564514	1.654845
4.572579	1.612480
4.580643	1.671091
4.588708	1.607701
4.596772	1.644970
4.604837	1.624265
4.612901	1.637644
4.620966	1.656119
4.629030	1.632229
4.637095	1.637007
4.645159	1.650704
4.653224	1.631592
4.661288	1.659623
4.669353	1.641785
4.677417	1.640829
4.685482	1.642104
4.693546	1.645926
4.701611	1.621080
4.709675	1.667268
4.717740	1.608657
4.725804	1.650067
4.733869	1.611842
4.741933	1.661534
4.749998	1.632547
4.758062	1.640192
4.766127	1.640829
4.774191	1.648793
4.782256	1.623947
4.790320	1.656756
4.798385	1.636688
4.806449	1.625858
4.814514	1.649430
4.822578	1.621080
4.830643	1.657075
4.838708	1.633503
4.846772	1.654527
4.854837	1.641467
4.862901	1.632229
4.870966	1.648156
4.879030	1.630318
4.887095	1.657393
4.895159	1.629044
4.903224	1.654527
4.911288	1.617895
4.919353	1.661534
4.927417	1.613117
4.935482	1.637963
4.943546	1.633822
4.951611	1.648156
4.959675	1.649111
4.967740	1.624903
4.975804	1.653889
4.983869	1.619806
4.991933	1.627451

