LabVIEW Measurement	
Writer_Version	2
Reader_Version	2
Separator	Tab
Decimal_Separator	.
Multi_Headings	Yes
X_Columns	One
Time_Pref	Absolute
Operator	labuser
Date	2023/05/16
Time	11:17:20.2765247624998604698
***End_of_Header***	
	
Channels	1	
Samples	620	
Date	2023/05/16	
Time	11:17:20.2765247624998604698	
Y_Unit_Label	Volts	
X_Dimension	Time	
X0	0.0000000000000000E+0	
Delta_X	0.008065	
***End_of_Header***		
X_Value	Voltage	Comment
0.000000	1.639237
0.008065	1.598782
0.016129	1.634140
0.024194	1.629362
0.032258	1.649430
0.040323	1.654527
0.048387	1.626814
0.056452	1.586678
0.064516	1.607064
0.072581	1.615983
0.080645	1.629999
0.088710	1.605472
0.096774	1.623947
0.104839	1.601331
0.112903	1.622354
0.120968	1.635096
0.129032	1.640511
0.137097	1.603242
0.145161	1.653252
0.153226	1.478375
0.161290	1.582856
0.169355	1.664401
0.177419	1.623947
0.185484	1.643378
0.193548	1.595916
0.201613	1.636688
0.209677	1.463722
0.217742	1.627132
0.225806	1.503540
0.233871	1.579033
0.241935	1.614709
0.250000	1.595279
0.258064	1.632229
0.266129	1.651023
0.274193	1.586041
0.282258	1.635414
0.290322	1.595279
0.298387	1.630636
0.306451	1.638600
0.314516	1.575848
0.322581	1.648793
0.330645	1.618213
0.338710	1.635096
0.346774	1.658349
0.354839	1.601968
0.362903	1.568203
0.370968	1.575848
0.379032	1.636688
0.387097	1.618213
0.395161	1.643378
0.403226	1.625221
0.411290	1.541127
0.419355	1.609613
0.427419	1.634459
0.435484	1.608339
0.443548	1.629362
0.451613	1.653889
0.459677	1.521059
0.467742	1.628088
0.475806	1.642741
0.483871	1.662171
0.491935	1.648156
0.500000	1.657712
0.508064	1.589863
0.516129	1.622673
0.524193	1.594323
0.532258	1.613117
0.540322	1.637007
0.548387	1.622673
0.556451	1.648793
0.564516	1.507681
0.572580	1.639237
0.580645	1.636688
0.588709	1.524245
0.596774	1.644015
0.604838	1.602286
0.612903	1.664401
0.620967	1.602605
0.629032	1.673639
0.637096	1.526474
0.645161	1.649749
0.653226	1.642741
0.661290	1.618532
0.669355	1.637007
0.677419	1.631273
0.685484	1.565654
0.693548	1.607064
0.701613	1.640192
0.709677	1.597508
0.717742	1.641148
0.725806	1.620124
0.733871	1.592730
0.741935	1.623628
0.750000	1.614391
0.758064	1.666631
0.766129	1.607383
0.774193	1.651978
0.782258	1.613435
0.790322	1.617258
0.798387	1.657393
0.806451	1.623947
0.814516	1.665675
0.822580	1.574255
0.830645	1.671728
0.838709	1.617576
0.846774	1.658668
0.854838	1.613117
0.862903	1.312417
0.870967	1.598782
0.879032	1.602923
0.887096	1.634777
0.895161	1.644015
0.903225	1.642422
0.911290	1.643378
0.919354	1.619487
0.927419	1.637007
0.935483	1.623310
0.943548	1.637007
0.951612	1.620762
0.959677	1.651978
0.967742	1.621399
0.975806	1.651660
0.983871	1.643059
0.991935	1.617576
1.000000	1.526474
1.008064	1.626495
1.016129	1.640511
1.024193	1.628406
1.032258	1.634140
1.040322	1.604516
1.048387	1.582856
1.056451	1.651978
1.064516	1.648156
1.072580	1.535712
1.080645	1.638281
1.088709	1.634459
1.096774	1.358605
1.104838	1.594323
1.112903	1.624265
1.120967	1.648793
1.129032	1.597508
1.137096	1.655482
1.145161	1.509910
1.153225	1.653571
1.161290	1.617576
1.169354	1.589863
1.177419	1.628725
1.185483	1.622673
1.193548	1.640829
1.201612	1.645289
1.209677	1.648474
1.217741	1.608339
1.225806	1.660579
1.233870	1.638600
1.241935	1.696892
1.249999	1.624265
1.258064	1.528386
1.266128	1.645926
1.274193	1.644015
1.282257	1.607064
1.290322	1.615983
1.298387	1.609294
1.306451	1.558328
1.314516	1.627451
1.322580	1.619169
1.330645	1.626177
1.338709	1.615346
1.346774	1.647200
1.354838	1.648156
1.362903	1.637007
1.370967	1.633185
1.379032	1.630636
1.387096	1.660579
1.395161	1.633822
1.403225	1.644333
1.411290	1.653252
1.419354	1.616302
1.427419	1.400652
1.435483	1.598782
1.443548	1.597827
1.451612	1.635733
1.459677	1.634140
1.467741	1.480923
1.475806	1.630636
1.483870	1.624265
1.491935	1.634140
1.499999	1.618532
1.508064	1.551002
1.516128	1.374213
1.524193	1.648156
1.532257	1.645926
1.540322	1.650704
1.548386	1.627451
1.556451	1.677461
1.564515	1.644333
1.572580	1.659942
1.580644	1.527430
1.588709	1.617576
1.596773	1.635733
1.604838	1.554187
1.612903	1.633185
1.620967	1.649749
1.629032	1.631273
1.637096	1.608339
1.645161	1.653252
1.653225	1.601968
1.661290	1.599419
1.669354	1.610568
1.677419	1.690203
1.685483	1.637963
1.693548	1.624265
1.701612	1.651023
1.709677	1.619169
1.717741	1.659305
1.725806	1.627769
1.733870	1.575848
1.741935	1.650386
1.749999	1.618532
1.758064	1.627132
1.766128	1.540490
1.774193	1.648793
1.782257	1.580307
1.790322	1.616939
1.798386	1.642104
1.806451	1.577440
1.814515	1.674594
1.822580	1.577759
1.830644	1.641785
1.838709	1.629044
1.846773	1.608339
1.854838	1.630318
1.862902	1.671728
1.870967	1.652615
1.879031	1.552276
1.887096	1.576803
1.895160	1.611205
1.903225	1.659623
1.911289	1.610887
1.919354	1.651023
1.927418	1.640192
1.935483	1.620443
1.943548	1.641148
1.951612	1.639874
1.959677	1.628406
1.967741	1.420083
1.975806	1.581581
1.983870	1.698803
1.991935	1.639874
1.999999	1.654527
2.008064	1.635733
2.016128	1.628406
2.024193	1.636370
2.032257	1.615665
2.040322	1.644970
2.048386	1.609931
2.056451	1.543038
2.064515	1.546861
2.072580	1.691796
2.080644	1.588271
2.088709	1.641467
2.096773	1.609613
2.104838	1.629681
2.112902	1.624265
2.120967	1.594323
2.129031	1.644652
2.137096	1.613117
2.145160	1.623310
2.153225	1.647519
2.161289	1.630318
2.169354	1.462448
2.177418	1.627451
2.185483	1.617258
2.193547	1.633503
2.201612	1.548135
2.209676	1.643378
2.217741	1.619487
2.225805	1.667587
2.233870	1.586041
2.241934	1.656438
2.249999	1.625540
2.258064	1.638918
2.266128	1.631592
2.274193	1.649749
2.282257	1.634140
2.290322	1.511822
2.298386	1.625221
2.306451	1.610250
2.314515	1.643059
2.322580	1.603242
2.330644	1.641785
2.338709	1.624584
2.346773	1.621717
2.354838	1.610568
2.362902	1.548453
2.370967	1.624903
2.379031	1.600057
2.387096	1.639874
2.395160	1.626177
2.403225	1.666631
2.411289	1.631273
2.419354	1.634777
2.427418	1.640192
2.435483	1.667268
2.443547	1.558647
2.451612	1.658349
2.459676	1.622354
2.467741	1.644970
2.475805	1.630636
2.483870	1.584767
2.491934	1.664720
2.499999	1.622036
2.508063	1.638918
2.516128	1.621080
2.524192	1.629681
2.532257	1.539534
2.540321	1.600694
2.548386	1.646245
2.556450	1.631910
2.564515	1.529978
2.572579	1.607383
2.580644	1.663446
2.588709	1.618850
2.596773	1.525200
2.604838	1.629999
2.612902	1.641148
2.620967	1.664401
2.629031	1.570751
2.637096	1.666312
2.645160	1.488568
2.653225	1.660260
2.661289	1.615028
2.669354	1.661853
2.677418	1.635733
2.685483	1.639237
2.693547	1.655801
2.701612	1.618850
2.709676	1.645289
2.717741	1.353508
2.725805	1.637644
2.733870	1.623628
2.741934	1.636688
2.749999	1.632866
2.758063	1.634140
2.766128	1.621080
2.774192	1.612798
2.782257	1.668542
2.790321	1.542720
2.798386	1.615346
2.806450	1.617576
2.814515	1.605472
2.822579	1.608339
2.830644	1.536030
2.838708	1.601968
2.846773	1.606746
2.854837	1.641148
2.862902	1.626495
2.870966	1.655482
2.879031	1.619487
2.887095	1.579352
2.895160	1.651023
2.903225	1.625540
2.911289	1.580944
2.919354	1.558010
2.927418	1.614072
2.935483	1.592412
2.943547	1.651023
2.951612	1.629044
2.959676	1.593686
2.967741	1.614709
2.975805	1.597190
2.983870	1.638918
2.991934	1.554187
2.999999	1.639237
3.008063	1.635414
3.016128	1.646245
3.024192	1.544631
3.032257	1.606109
3.040321	1.507681
3.048386	1.620762
3.056450	1.581263
3.064515	1.587634
3.072579	1.579352
3.080644	1.621717
3.088708	1.610250
3.096773	1.636051
3.104837	1.638918
3.112902	1.623310
3.120966	1.547498
3.129031	1.628088
3.137095	1.530297
3.145160	1.587952
3.153224	1.538579
3.161289	1.637326
3.169353	1.648156
3.177418	1.605790
3.185482	1.666950
3.193547	1.648793
3.201611	1.639555
3.209676	1.625221
3.217740	1.603242
3.225805	1.641785
3.233870	1.626814
3.241934	1.622036
3.249999	1.639555
3.258063	1.579989
3.266128	1.651660
3.274192	1.609613
3.282257	1.666950
3.290321	1.615665
3.298386	1.560876
3.306450	1.614072
3.314515	1.637326
3.322579	1.606746
3.330644	1.557691
3.338708	1.641467
3.346773	1.632547
3.354837	1.601968
3.362902	1.626177
3.370966	1.582537
3.379031	1.616939
3.387095	1.610250
3.395160	1.671728
3.403224	1.637007
3.411289	1.629999
3.419353	1.605153
3.427418	1.398103
3.435482	1.637963
3.443547	1.622673
3.451611	1.680010
3.459676	1.611205
3.467740	1.652934
3.475805	1.631273
3.483869	1.644015
3.491934	1.622036
3.499998	1.629681
3.508063	1.629362
3.516127	1.651023
3.524192	1.569795
3.532256	1.631910
3.540321	1.642741
3.548386	1.624903
3.556450	1.656756
3.564515	1.579033
3.572579	1.617258
3.580644	1.637644
3.588708	1.577122
3.596773	1.633822
3.604837	1.637963
3.612902	1.557372
3.620966	1.627132
3.629031	1.616939
3.637095	1.648156
3.645160	1.640511
3.653224	1.649749
3.661289	1.614709
3.669353	1.644015
3.677418	1.633185
3.685482	1.641148
3.693547	1.629681
3.701611	1.633822
3.709676	1.642104
3.717740	1.641785
3.725805	1.640829
3.733869	1.646245
3.741934	1.644333
3.749998	1.632866
3.758063	1.636688
3.766127	1.626814
3.774192	1.596234
3.782256	1.616302
3.790321	1.628088
3.798385	1.634459
3.806450	1.607701
3.814514	1.650386
3.822579	1.630318
3.830643	1.608339
3.838708	1.637644
3.846772	1.600694
3.854837	1.671728
3.862901	1.601012
3.870966	1.516281
3.879031	1.627451
3.887095	1.578077
3.895160	1.653889
3.903224	1.615983
3.911289	1.598145
3.919353	1.617258
3.927418	1.628406
3.935482	1.616939
3.943547	1.615665
3.951611	1.655164
3.959676	1.670772
3.967740	1.645608
3.975805	1.648793
3.983869	1.648156
3.991934	1.618850
3.999998	1.536668
4.008063	1.589226
4.016127	1.629362
4.024192	1.619806
4.032256	1.641785
4.040321	1.639874
4.048385	1.414667
4.056450	1.647200
4.064514	1.612161
4.072579	1.514688
4.080643	1.626495
4.088708	1.623310
4.096772	1.590500
4.104837	1.617576
4.112901	1.661534
4.120966	1.539534
4.129030	1.602923
4.137095	1.603879
4.145159	1.619806
4.153224	1.613435
4.161288	1.531889
4.169353	1.639237
4.177417	1.641148
4.185482	1.627132
4.193547	1.575529
4.201611	1.627132
4.209676	1.658668
4.217740	1.649749
4.225805	1.554506
4.233869	1.658986
4.241934	1.593049
4.249998	1.653571
4.258063	1.407978
4.266127	1.631592
4.274192	1.600694
4.282256	1.634459
4.290321	1.631910
4.298385	1.626814
4.306450	1.629044
4.314514	1.580307
4.322579	1.665357
4.330643	1.583493
4.338708	1.659623
4.346772	1.620762
4.354837	1.631910
4.362901	1.635096
4.370966	1.638600
4.379030	1.643696
4.387095	1.632547
4.395159	1.648474
4.403224	1.636370
4.411288	1.628088
4.419353	1.641148
4.427417	1.656119
4.435482	1.644652
4.443546	1.586997
4.451611	1.624584
4.459675	1.537305
4.467740	1.456396
4.475804	1.630318
4.483869	1.653889
4.491933	1.550046
4.499998	1.636688
4.508062	1.652934
4.516127	1.599738
4.524192	1.583174
4.532256	1.562788
4.540321	1.643696
4.548385	1.638918
4.556450	1.608339
4.564514	1.651341
4.572579	1.586678
4.580643	1.564062
4.588708	1.575211
4.596772	1.648474
4.604837	1.623947
4.612901	1.540171
4.620966	1.673002
4.629030	1.499399
4.637095	1.663127
4.645159	1.597190
4.653224	1.654845
4.661288	1.614709
4.669353	1.638281
4.677417	1.637963
4.685482	1.658668
4.693546	1.626495
4.701611	1.649749
4.709675	1.617258
4.717740	1.620762
4.725804	1.611205
4.733869	1.582218
4.741933	1.615346
4.749998	1.446521
4.758062	1.508636
4.766127	1.635414
4.774191	1.658030
4.782256	1.591138
4.790320	1.629999
4.798385	1.629362
4.806449	1.522970
4.814514	1.616302
4.822578	1.612480
4.830643	1.618532
4.838708	1.653889
4.846772	1.615346
4.854837	1.598464
4.862901	1.645289
4.870966	1.638281
4.879030	1.622991
4.887095	1.622354
4.895159	1.632866
4.903224	1.624584
4.911288	1.645608
4.919353	1.566292
4.927417	1.570114
4.935482	1.600057
4.943546	1.543994
4.951611	1.613117
4.959675	1.612161
4.967740	1.651341
4.975804	1.608976
4.983869	1.715049
4.991933	1.492391

