LabVIEW Measurement	
Writer_Version	2
Reader_Version	2
Separator	Tab
Decimal_Separator	.
Multi_Headings	Yes
X_Columns	One
Time_Pref	Absolute
Operator	labuser
Date	2023/05/16
Time	11:12:31.7466749624996170288
***End_of_Header***	
	
Channels	1	
Samples	620	
Date	2023/05/16	
Time	11:12:31.7466749624996170288	
Y_Unit_Label	Volts	
X_Dimension	Time	
X0	0.0000000000000000E+0	
Delta_X	0.008065	
***End_of_Header***		
X_Value	Voltage	Comment
0.000000	1.692114
0.008065	1.627769
0.016129	1.563106
0.024194	1.634459
0.032258	1.515963
0.040323	1.664720
0.048387	1.557054
0.056452	1.544949
0.064516	1.558965
0.072581	1.662171
0.080645	1.638600
0.088710	1.521059
0.096774	1.640511
0.104839	1.495576
0.112903	1.648156
0.120968	1.591138
0.129032	1.496532
0.137097	1.516600
0.145161	1.687017
0.153226	1.545905
0.161290	1.598782
0.169355	1.567247
0.177419	1.597827
0.185484	1.583811
0.193548	1.639874
0.201613	1.463085
0.209677	1.577440
0.217742	1.625858
0.225806	1.556417
0.233871	1.636051
0.241935	1.613435
0.250000	1.515963
0.258064	1.640511
0.266129	1.520741
0.274193	1.605153
0.282258	1.544949
0.290322	1.677461
0.298387	1.566929
0.306451	1.589863
0.314516	1.519148
0.322581	1.639237
0.330645	1.435054
0.338710	1.642741
0.346774	1.558328
0.354839	1.597508
0.362903	1.613754
0.370968	1.551639
0.379032	1.608657
0.387097	1.533164
0.395161	1.631592
0.403226	1.514051
0.411290	1.688292
0.419355	1.437284
0.427419	1.637326
0.435484	1.488568
0.443548	1.654208
0.451613	1.361153
0.459677	1.669816
0.467742	1.368798
0.475806	1.563106
0.483871	1.519466
0.491935	1.367524
0.500000	1.650704
0.508064	1.590182
0.516129	1.690521
0.524193	1.575529
0.532258	1.643696
0.540322	1.602605
0.548387	1.651023
0.556451	1.567247
0.564516	1.679691
0.572580	1.676824
0.580645	1.529023
0.588709	1.689247
0.596774	1.572025
0.604838	1.644333
0.612903	1.569158
0.620967	1.681921
0.629032	1.574574
0.637096	1.552276
0.645161	1.599738
0.653226	1.594960
0.661290	1.523607
0.669355	1.598464
0.677419	1.589863
0.685484	1.589545
0.693548	1.648793
0.701613	1.519466
0.709677	1.474871
0.717742	1.436965
0.725806	1.692114
0.733871	1.574892
0.741935	1.592093
0.750000	1.609931
0.758064	1.600694
0.766129	1.644970
0.774193	1.580944
0.782258	1.666631
0.790322	1.523607
0.798387	1.625540
0.806451	1.591775
0.814516	1.662809
0.822580	1.624903
0.830645	1.594641
0.838709	1.599738
0.846774	1.565336
0.854838	1.634777
0.862903	1.531252
0.870967	1.668861
0.879032	1.486976
0.887096	1.608339
0.895161	1.575529
0.903225	1.593686
0.911290	1.614072
0.919354	1.571388
0.927419	1.658986
0.935483	1.488887
0.943548	1.660579
0.951612	1.524245
0.959677	1.644015
0.967742	1.510866
0.975806	1.672683
0.983871	1.586678
0.991935	1.568840
1.000000	1.648474
1.008064	1.634777
1.016129	1.530297
1.024193	1.682876
1.032258	1.595916
1.040322	1.614072
1.048387	1.574255
1.056451	1.661216
1.064516	1.652615
1.072580	1.477738
1.080645	1.683832
1.088709	1.580307
1.096774	1.668542
1.104838	1.639237
1.112903	1.613754
1.120967	1.617258
1.129032	1.669816
1.137096	1.415942
1.145161	1.585085
1.153225	1.450981
1.161290	1.549090
1.169354	1.593686
1.177419	1.652297
1.185483	1.616939
1.193548	1.701670
1.201612	1.445566
1.209677	1.562788
1.217741	1.550683
1.225806	1.597827
1.233870	1.659305
1.241935	1.510866
1.249999	1.592093
1.258064	1.609294
1.266128	1.641148
1.274193	1.625540
1.282257	1.634777
1.290322	1.619169
1.298387	1.579670
1.306451	1.578715
1.314516	1.635733
1.322580	1.456714
1.330645	1.488568
1.338709	1.589226
1.346774	1.692433
1.354838	1.597190
1.362903	1.579352
1.370967	1.599419
1.379032	1.659623
1.387096	1.483790
1.395161	1.501628
1.403225	1.623947
1.411290	1.494620
1.419354	1.636688
1.427419	1.587315
1.435483	1.615983
1.443548	1.528386
1.451612	1.605153
1.459677	1.589226
1.467741	1.655482
1.475806	1.600057
1.483870	1.473916
1.491935	1.573299
1.499999	1.690840
1.508064	1.584448
1.516128	1.586997
1.524193	1.589863
1.532257	1.649111
1.540322	1.528386
1.548386	1.610250
1.556451	1.491117
1.564515	1.664083
1.572580	1.511184
1.580644	1.612161
1.588709	1.682239
1.596773	1.656756
1.604838	1.516918
1.612903	1.586678
1.620967	1.613117
1.629032	1.572344
1.637096	1.565017
1.645161	1.582537
1.653225	1.635414
1.661290	1.666312
1.669354	1.620762
1.677419	1.611524
1.685483	1.572025
1.693548	1.631910
1.701612	1.638918
1.709677	1.547816
1.717741	1.696255
1.725806	1.546224
1.733870	1.689884
1.741935	1.498761
1.749999	1.646245
1.758064	1.555461
1.766128	1.680647
1.774193	1.606427
1.782257	1.572662
1.790322	1.576485
1.798386	1.532208
1.806451	1.568521
1.814515	1.604516
1.822580	1.608020
1.830644	1.426453
1.838709	1.595916
1.846773	1.509910
1.854838	1.682558
1.862902	1.463404
1.870967	1.661534
1.879031	1.585404
1.887096	1.601968
1.895160	1.590500
1.903225	1.601649
1.911289	1.615983
1.919354	1.503540
1.927418	1.666312
1.935483	1.542401
1.943548	1.656438
1.951612	1.634777
1.959677	1.611524
1.967741	1.647200
1.975806	1.561832
1.983870	1.674594
1.991935	1.604198
1.999999	1.535393
2.008064	1.666631
2.016128	1.619487
2.024193	1.585722
2.032257	1.389821
2.040322	1.646245
2.048386	1.616621
2.056451	1.582537
2.064515	1.654208
2.072580	1.612161
2.080644	1.662490
2.088709	1.410845
2.096773	1.622673
2.104838	1.571388
2.112902	1.606109
2.120967	1.649430
2.129031	1.430594
2.137096	1.513414
2.145160	1.627451
2.153225	1.570751
2.161289	1.694981
2.169354	1.492072
2.177418	1.611842
2.185483	1.582856
2.193547	1.610887
2.201612	1.632547
2.209676	1.610250
2.217741	1.558010
2.225805	1.517874
2.233870	1.640192
2.241934	1.533801
2.249999	1.540171
2.258064	1.556098
2.266128	1.588589
2.274193	1.380902
2.282257	1.668542
2.290322	1.565336
2.298386	1.662490
2.306451	1.438876
2.314515	1.605472
2.322580	1.548772
2.330644	1.667905
2.338709	1.472004
2.346773	1.644333
2.354838	1.593686
2.362902	1.534756
2.370967	1.606746
2.379031	1.627451
2.387096	1.608657
2.395160	1.586041
2.403225	1.632229
2.411289	1.634459
2.419354	1.565336
2.427418	1.676187
2.435483	1.518192
2.443547	1.572025
2.451612	1.607701
2.459676	1.526793
2.467741	1.611205
2.475805	1.635414
2.483870	1.416260
2.491934	1.674594
2.499999	1.601012
2.508063	1.586997
2.516128	1.587315
2.524192	1.452892
2.532257	1.630636
2.540321	1.689884
2.548386	1.614709
2.556450	1.643378
2.564515	1.610568
2.572579	1.634459
2.580644	1.637326
2.588709	1.535075
2.596773	1.682558
2.604838	1.553231
2.612902	1.504177
2.620967	1.600694
2.629031	1.632866
2.637096	1.629999
2.645160	1.470730
2.653225	1.586041
2.661289	1.501628
2.669354	1.584767
2.677418	1.536668
2.685483	1.585404
2.693547	1.618532
2.701612	1.595279
2.709676	1.627451
2.717741	1.616621
2.725805	1.566292
2.733870	1.629362
2.741934	1.644652
2.749999	1.625221
2.758063	1.567884
2.766128	1.480286
2.774192	1.661534
2.782257	1.563106
2.790321	1.657712
2.798386	1.640829
2.806450	1.516600
2.814515	1.729064
2.822579	1.635414
2.830644	1.628088
2.838708	1.654208
2.846773	1.571070
2.854837	1.637326
2.862902	1.445247
2.870966	1.682239
2.879031	1.563743
2.887095	1.629044
2.895160	1.601968
2.903225	1.587952
2.911289	1.643696
2.919354	1.519148
2.927418	1.651978
2.935483	1.598782
2.943547	1.647837
2.951612	1.526793
2.959676	1.622991
2.967741	1.622673
2.975805	1.647837
2.983870	1.550046
2.991934	1.573936
2.999999	1.525519
3.008063	1.593686
3.016128	1.559602
3.024192	1.556417
3.032257	1.522652
3.040321	1.524245
3.048386	1.502584
3.056450	1.638918
3.064515	1.597827
3.072579	1.578077
3.080644	1.610887
3.088708	1.660579
3.096773	1.700078
3.104837	1.641467
3.112902	1.584448
3.120966	1.600375
3.129031	1.606427
3.137095	1.630636
3.145160	1.483153
3.153224	1.605790
3.161289	1.634777
3.169353	1.545268
3.177418	1.624903
3.185482	1.620762
3.193547	1.443336
3.201611	1.642741
3.209676	1.578396
3.217740	1.673639
3.225805	1.591456
3.233870	1.497487
3.241934	1.598464
3.249999	1.519466
3.258063	1.579352
3.266128	1.533482
3.274192	1.663127
3.282257	1.543038
3.290321	1.603879
3.298386	1.596871
3.306450	1.576803
3.314515	1.573618
3.322579	1.706448
3.330644	1.584448
3.338708	1.711863
3.346773	1.568840
3.354837	1.694344
3.362902	1.622673
3.370966	1.494620
3.379031	1.563425
3.387095	1.525519
3.395160	1.591775
3.403224	1.613117
3.411289	1.421357
3.419353	1.669498
3.427418	1.582856
3.435482	1.696574
3.443547	1.555780
3.451611	1.624903
3.459676	1.601968
3.467740	1.679054
3.475805	1.574892
3.483869	1.554187
3.491934	1.576485
3.499998	1.610887
3.508063	1.541764
3.516127	1.589863
3.524192	1.669498
3.532256	1.432187
3.540321	1.659942
3.548386	1.536668
3.556450	1.649430
3.564515	1.452573
3.572579	1.590500
3.580644	1.601649
3.588708	1.677780
3.596773	1.594641
3.604837	1.622673
3.612902	1.485383
3.620966	1.616621
3.629031	1.599419
3.637095	1.594004
3.645160	1.543357
3.653224	1.487613
3.661289	1.672365
3.669353	1.573618
3.677418	1.684151
3.685482	1.613435
3.693547	1.677461
3.701611	1.516918
3.709676	1.646563
3.717740	1.477101
3.725805	1.721101
3.733869	1.523607
3.741934	1.552276
3.749998	1.563743
3.758063	1.637644
3.766127	1.584448
3.774192	1.557691
3.782256	1.600375
3.790321	1.585722
3.798385	1.541764
3.806450	1.637963
3.814514	1.668224
3.822579	1.611524
3.830643	1.557691
3.838708	1.585722
3.846772	1.548135
3.854837	1.552594
3.862901	1.578396
3.870966	1.549090
3.879031	1.557372
3.887095	1.643059
3.895160	1.609294
3.903224	1.501947
3.911289	1.647519
3.919353	1.617258
3.927418	1.665675
3.935482	1.598782
3.943547	1.608020
3.951611	1.536349
3.959676	1.591775
3.967740	1.573936
3.975805	1.570751
3.983869	1.599738
3.991934	1.596553
3.999998	1.612798
4.008063	1.596871
4.016127	1.418490
4.024192	1.665038
4.032256	1.506088
4.040321	1.657075
4.048385	1.622673
4.056450	1.588908
4.064514	1.654208
4.072579	1.481242
4.080643	1.615665
4.088708	1.587315
4.096772	1.549090
4.104837	1.616939
4.112901	1.513414
4.120966	1.657075
4.129030	1.619487
4.137095	1.609613
4.145159	1.577122
4.153224	1.471686
4.161288	1.483790
4.169353	1.628088
4.177417	1.633185
4.185482	1.616939
4.193547	1.592730
4.201611	1.547816
4.209676	1.567884
4.217740	1.549409
4.225805	1.559921
4.233869	1.603242
4.241934	1.635414
4.249998	1.520422
4.258063	1.490161
4.266127	1.496532
4.274192	1.594323
4.282256	1.600375
4.290321	1.596234
4.298385	1.653252
4.306450	1.625221
4.314514	1.525837
4.322579	1.611205
4.330643	1.533164
4.338708	1.648793
4.346772	1.453211
4.354837	1.650067
4.362901	1.549409
4.370966	1.597508
4.379030	1.603879
4.387095	1.631273
4.395159	1.559602
4.403224	1.582218
4.411288	1.533482
4.419353	1.612480
4.427417	1.605153
4.435482	1.592412
4.443546	1.627451
4.451611	1.577759
4.459675	1.575529
4.467740	1.594004
4.475804	1.665675
4.483869	1.515325
4.491933	1.514051
4.499998	1.688610
4.508062	1.568521
4.516127	1.601649
4.524192	1.558965
4.532256	1.590500
4.540321	1.609931
4.548385	1.658349
4.556450	1.563425
4.564514	1.542401
4.572579	1.589226
4.580643	1.628088
4.588708	1.537305
4.596772	1.438239
4.604837	1.655482
4.612901	1.572662
4.620966	1.648156
4.629030	1.570114
4.637095	1.595279
4.645159	1.450025
4.653224	1.629999
4.661288	1.555461
4.669353	1.651660
4.677417	1.564062
4.685482	1.586041
4.693546	1.614709
4.701611	1.488568
4.709675	1.648474
4.717740	1.578396
4.725804	1.630318
4.733869	1.632547
4.741933	1.596553
4.749998	1.586997
4.758062	1.543038
4.766127	1.664401
4.774191	1.500673
4.782256	1.596553
4.790320	1.466908
4.798385	1.642741
4.806449	1.524882
4.814514	1.652615
4.822578	1.526793
4.830643	1.652934
4.838708	1.512777
4.846772	1.626495
4.854837	1.512140
4.862901	1.626495
4.870966	1.654208
4.879030	1.665675
4.887095	1.663446
4.895159	1.638918
4.903224	1.561832
4.911288	1.485064
4.919353	1.620124
4.927417	1.595279
4.935482	1.645289
4.943546	1.596553
4.951611	1.707085
4.959675	1.583811
4.967740	1.593367
4.975804	1.564062
4.983869	1.608657
4.991933	1.596234

