LabVIEW Measurement	
Writer_Version	2
Reader_Version	2
Separator	Tab
Decimal_Separator	.
Multi_Headings	Yes
X_Columns	One
Time_Pref	Absolute
Operator	labuser
Date	2023/05/16
Time	11:10:46.7265864624996274305
***End_of_Header***	
	
Channels	1	
Samples	620	
Date	2023/05/16	
Time	11:10:46.7265864624996274305	
Y_Unit_Label	Volts	
X_Dimension	Time	
X0	0.0000000000000000E+0	
Delta_X	0.008065	
***End_of_Header***		
X_Value	Voltage	Comment
0.000000	1.631592
0.008065	1.595597
0.016129	1.672683
0.024194	1.629681
0.032258	1.525200
0.040323	1.639237
0.048387	1.514051
0.056452	1.657712
0.064516	1.620124
0.072581	1.651978
0.080645	1.633503
0.088710	1.667905
0.096774	1.621399
0.104839	1.699759
0.112903	1.584448
0.120968	1.656756
0.129032	1.622354
0.137097	1.543675
0.145161	1.584130
0.153226	1.622991
0.161290	1.599101
0.169355	1.560876
0.177419	1.641785
0.185484	1.606109
0.193548	1.646245
0.201613	1.633822
0.209677	1.664401
0.217742	1.571070
0.225806	1.674594
0.233871	1.568521
0.241935	1.666631
0.250000	1.617258
0.258064	1.553869
0.266129	1.634777
0.274193	1.668224
0.282258	1.592093
0.290322	1.679054
0.298387	1.608020
0.306451	1.644333
0.314516	1.570751
0.322581	1.636688
0.330645	1.584767
0.338710	1.692114
0.346774	1.606109
0.354839	1.658668
0.362903	1.608020
0.370968	1.645926
0.379032	1.642741
0.387097	1.610887
0.395161	1.649430
0.403226	1.643696
0.411290	1.621717
0.419355	1.668542
0.427419	1.630636
0.435484	1.637963
0.443548	1.573299
0.451613	1.630955
0.459677	1.674276
0.467742	1.595597
0.475806	1.572025
0.483871	1.590182
0.491935	1.670135
0.500000	1.580307
0.508064	1.668542
0.516129	1.599101
0.524193	1.689247
0.532258	1.629999
0.540322	1.629044
0.548387	1.614709
0.556451	1.639237
0.564516	1.649111
0.572580	1.567884
0.580645	1.685743
0.588709	1.600057
0.596774	1.748177
0.604838	1.590182
0.612903	1.675232
0.620967	1.570433
0.629032	1.665357
0.637096	1.600375
0.645161	1.638281
0.653226	1.611205
0.661290	1.722694
0.669355	1.629681
0.677419	1.632866
0.685484	1.650386
0.693548	1.608657
0.701613	1.691477
0.709677	1.605472
0.717742	1.617576
0.725806	1.622991
0.733871	1.649111
0.741935	1.436965
0.750000	1.668542
0.758064	1.591138
0.766129	1.651023
0.774193	1.618213
0.782258	1.612798
0.790322	1.639555
0.798387	1.584448
0.806451	1.655482
0.814516	1.536668
0.822580	1.603242
0.830645	1.605153
0.838709	1.558328
0.846774	1.646563
0.854838	1.596553
0.862903	1.672365
0.870967	1.595597
0.879032	1.721420
0.887096	1.615983
0.895161	1.585404
0.903225	1.623628
0.911290	1.600694
0.919354	1.572344
0.927419	1.646563
0.935483	1.586041
0.943548	1.665675
0.951612	1.585722
0.959677	1.649430
0.967742	1.637007
0.975806	1.677780
0.983871	1.597190
0.991935	1.667587
1.000000	1.651978
1.008064	1.642741
1.016129	1.626495
1.024193	1.620762
1.032258	1.622991
1.040322	1.631273
1.048387	1.647519
1.056451	1.619487
1.064516	1.627451
1.072580	1.625540
1.080645	1.711545
1.088709	1.603879
1.096774	1.565654
1.104838	1.582856
1.112903	1.491117
1.120967	1.610568
1.129032	1.511822
1.137096	1.658668
1.145161	1.613435
1.153225	1.641785
1.161290	1.606427
1.169354	1.718871
1.177419	1.608339
1.185483	1.686699
1.193548	1.580307
1.201612	1.682239
1.209677	1.608976
1.217741	1.615028
1.225806	1.613117
1.233870	1.575211
1.241935	1.641467
1.249999	1.618532
1.258064	1.628725
1.266128	1.630955
1.274193	1.633822
1.282257	1.618850
1.290322	1.667905
1.298387	1.598464
1.306451	1.575848
1.314516	1.630636
1.322580	1.606427
1.330645	1.674276
1.338709	1.588908
1.346774	1.637326
1.354838	1.587952
1.362903	1.584130
1.370967	1.624903
1.379032	1.617895
1.387096	1.710908
1.395161	1.643059
1.403225	1.690203
1.411290	1.637007
1.419354	1.590182
1.427419	1.681602
1.435483	1.575529
1.443548	1.677461
1.451612	1.585722
1.459677	1.659623
1.467741	1.643378
1.475806	1.474553
1.483870	1.591456
1.491935	1.624584
1.499999	1.637963
1.508064	1.605472
1.516128	1.647837
1.524193	1.528067
1.532257	1.694981
1.540322	1.572025
1.548386	1.686062
1.556451	1.562469
1.564515	1.515963
1.572580	1.592093
1.580644	1.727472
1.588709	1.567566
1.596773	1.684469
1.604838	1.558647
1.612903	1.642422
1.620967	1.594323
1.629032	1.736709
1.637096	1.592730
1.645161	1.643378
1.653225	1.622991
1.661290	1.567566
1.669354	1.660897
1.677419	1.576166
1.685483	1.685425
1.693548	1.594323
1.701612	1.627769
1.709677	1.600375
1.717741	1.652934
1.725806	1.543357
1.733870	1.669816
1.741935	1.619806
1.749999	1.636370
1.758064	1.606427
1.766128	1.673957
1.774193	1.593367
1.782257	1.686380
1.790322	1.621080
1.798386	1.688610
1.806451	1.571070
1.814515	1.698803
1.822580	1.570433
1.830644	1.623947
1.838709	1.592730
1.846773	1.646245
1.854838	1.623628
1.862902	1.566610
1.870967	1.616621
1.879031	1.616939
1.887096	1.600694
1.895160	1.666631
1.903225	1.590500
1.911289	1.624584
1.919354	1.693707
1.927418	1.641148
1.935483	1.595279
1.943548	1.650704
1.951612	1.650704
1.959677	1.645608
1.967741	1.643059
1.975806	1.613435
1.983870	1.600375
1.991935	1.635096
1.999999	1.659623
2.008064	1.624903
2.016128	1.644970
2.024193	1.583493
2.032257	1.664720
2.040322	1.615665
2.048386	1.604835
2.056451	1.637007
2.064515	1.618850
2.072580	1.589226
2.080644	1.654527
2.088709	1.638281
2.096773	1.602923
2.104838	1.600057
2.112902	1.593367
2.120967	1.683832
2.129031	1.617576
2.137096	1.643696
2.145160	1.664720
2.153225	1.579989
2.161289	1.678417
2.169354	1.593049
2.177418	1.469137
2.185483	1.643378
2.193547	1.461811
2.201612	1.668542
2.209676	1.581900
2.217741	1.699440
2.225805	1.552594
2.233870	1.665994
2.241934	1.450344
2.249999	1.684788
2.258064	1.600375
2.266128	1.613435
2.274193	1.610568
2.282257	1.650067
2.290322	1.504495
2.298386	1.658349
2.306451	1.580944
2.314515	1.568840
2.322580	1.607701
2.330644	1.607701
2.338709	1.628088
2.346773	1.586678
2.354838	1.661853
2.362902	1.599738
2.370967	1.611842
2.379031	1.680328
2.387096	1.511822
2.395160	1.702307
2.403225	1.599419
2.411289	1.640511
2.419354	1.587315
2.427418	1.678098
2.435483	1.592093
2.443547	1.603879
2.451612	1.585722
2.459676	1.685743
2.467741	1.594004
2.475805	1.613435
2.483870	1.608339
2.491934	1.579033
2.499999	1.679691
2.508063	1.630636
2.516128	1.590182
2.524192	1.599419
2.532257	1.657393
2.540321	1.512777
2.548386	1.684151
2.556450	1.592412
2.564515	1.652615
2.572579	1.588271
2.580644	1.716004
2.588709	1.597827
2.596773	1.597190
2.604838	1.626177
2.612902	1.698485
2.620967	1.632866
2.629031	1.578077
2.637096	1.671409
2.645160	1.572344
2.653225	1.599101
2.661289	1.624584
2.669354	1.616302
2.677418	1.622673
2.685483	1.592412
2.693547	1.628088
2.701612	1.580307
2.709676	1.686062
2.717741	1.629681
2.725805	1.652297
2.733870	1.630318
2.741934	1.639874
2.749999	1.632866
2.758063	1.593686
2.766128	1.636370
2.774192	1.595597
2.782257	1.579352
2.790321	1.655164
2.798386	1.595916
2.806450	1.669179
2.814515	1.574892
2.822579	1.680328
2.830644	1.582537
2.838708	1.680965
2.846773	1.553550
2.854837	1.692433
2.862902	1.631592
2.870966	1.658668
2.879031	1.667268
2.887095	1.439832
2.895160	1.665038
2.903225	1.543357
2.911289	1.647837
2.919354	1.627132
2.927418	1.630318
2.935483	1.639555
2.943547	1.645926
2.951612	1.567247
2.959676	1.591775
2.967741	1.639555
2.975805	1.621399
2.983870	1.658030
2.991934	1.659623
2.999999	1.670772
3.008063	1.605790
3.016128	1.608976
3.024192	1.641467
3.032257	1.608976
3.040321	1.666631
3.048386	1.594323
3.056450	1.696255
3.064515	1.594323
3.072579	1.689884
3.080644	1.644015
3.088708	1.679691
3.096773	1.590182
3.104837	1.610887
3.112902	1.685106
3.120966	1.568203
3.129031	1.621399
3.137095	1.560558
3.145160	1.641467
3.153224	1.650386
3.161289	1.449070
3.169353	1.660260
3.177418	1.578077
3.185482	1.699759
3.193547	1.563743
3.201611	1.626814
3.209676	1.606427
3.217740	1.684151
3.225805	1.642422
3.233870	1.522652
3.241934	1.682558
3.249999	1.586997
3.258063	1.631910
3.266128	1.635733
3.274192	1.601968
3.282257	1.684788
3.290321	1.561195
3.298386	1.669816
3.306450	1.608339
3.314515	1.575848
3.322579	1.613754
3.330644	1.661534
3.338708	1.569158
3.346773	1.668861
3.354837	1.550046
3.362902	1.696892
3.370966	1.500673
3.379031	1.600375
3.387095	1.586678
3.395160	1.638600
3.403224	1.649430
3.411289	1.607701
3.419353	1.654527
3.427418	1.598145
3.435482	1.678735
3.443547	1.603879
3.451611	1.676187
3.459676	1.628725
3.467740	1.658349
3.475805	1.558647
3.483869	1.696255
3.491934	1.584130
3.499998	1.679691
3.508063	1.620124
3.516127	1.684151
3.524192	1.580944
3.532256	1.664083
3.540321	1.600057
3.548386	1.639237
3.556450	1.608657
3.564515	1.652615
3.572579	1.635096
3.580644	1.585085
3.588708	1.660897
3.596773	1.633822
3.604837	1.676187
3.612902	1.517237
3.620966	1.609931
3.629031	1.568521
3.637095	1.652615
3.645160	1.514370
3.653224	1.622036
3.661289	1.544312
3.669353	1.622354
3.677418	1.580307
3.685482	1.645289
3.693547	1.614072
3.701611	1.650704
3.709676	1.609294
3.717740	1.676187
3.725805	1.687017
3.733869	1.626495
3.741934	1.669498
3.749998	1.633503
3.758063	1.635733
3.766127	1.615665
3.774192	1.631592
3.782256	1.687973
3.790321	1.610568
3.798385	1.615983
3.806450	1.611205
3.814514	1.621399
3.822579	1.614072
3.830643	1.583811
3.838708	1.685743
3.846772	1.576485
3.854837	1.716960
3.862901	1.616939
3.870966	1.678417
3.879031	1.584448
3.887095	1.703581
3.895160	1.594641
3.903224	1.646245
3.911289	1.629044
3.919353	1.601331
3.927418	1.650386
3.935482	1.576803
3.943547	1.681284
3.951611	1.614709
3.959676	1.665994
3.967740	1.625540
3.975805	1.649111
3.983869	1.605153
3.991934	1.615983
3.999998	1.618850
4.008063	1.629362
4.016127	1.608657
4.024192	1.615028
4.032256	1.613435
4.040321	1.590819
4.048385	1.663446
4.056450	1.601331
4.064514	1.671728
4.072579	1.464041
4.080643	1.660579
4.088708	1.586359
4.096772	1.608339
4.104837	1.587634
4.112901	1.662490
4.120966	1.594960
4.129030	1.675550
4.137095	1.601968
4.145159	1.641785
4.153224	1.614072
4.161288	1.664083
4.169353	1.639237
4.177417	1.579033
4.185482	1.610887
4.193547	1.655482
4.201611	1.573936
4.209676	1.644333
4.217740	1.551957
4.225805	1.676506
4.233869	1.568521
4.241934	1.688610
4.249998	1.604516
4.258063	1.627132
4.266127	1.665675
4.274192	1.623628
4.282256	1.642104
4.290321	1.567884
4.298385	1.692751
4.306450	1.585722
4.314514	1.643378
4.322579	1.600057
4.330643	1.658668
4.338708	1.601012
4.346772	1.639874
4.354837	1.639874
4.362901	1.617258
4.370966	1.665038
4.379030	1.604198
4.387095	1.672046
4.395159	1.579352
4.403224	1.697211
4.411288	1.557691
4.419353	1.705174
4.427417	1.614072
4.435482	1.654527
4.443546	1.610887
4.451611	1.608339
4.459675	1.634140
4.467740	1.604516
4.475804	1.657393
4.483869	1.554506
4.491933	1.675550
4.499998	1.588908
4.508062	1.623628
4.516127	1.564062
4.524192	1.715049
4.532256	1.560876
4.540321	1.628725
4.548385	1.599419
4.556450	1.459581
4.564514	1.654208
4.572579	1.601331
4.580643	1.633822
4.588708	1.640192
4.596772	1.604835
4.604837	1.552276
4.612901	1.644333
4.620966	1.639237
4.629030	1.635414
4.637095	1.623628
4.645159	1.611205
4.653224	1.627451
4.661288	1.670135
4.669353	1.614709
4.677417	1.665675
4.685482	1.592730
4.693546	1.639237
4.701611	1.663127
4.709675	1.615346
4.717740	1.682239
4.725804	1.619169
4.733869	1.602923
4.741933	1.680965
4.749998	1.604835
4.758062	1.649749
4.766127	1.620443
4.774191	1.654208
4.782256	1.607701
4.790320	1.650386
4.798385	1.633822
4.806449	1.604516
4.814514	1.658030
4.822578	1.568203
4.830643	1.612798
4.838708	1.645289
4.846772	1.558328
4.854837	1.571070
4.862901	1.582218
4.870966	1.512140
4.879030	1.529978
4.887095	1.690840
4.895159	1.588908
4.903224	1.691158
4.911288	1.627132
4.919353	1.575848
4.927417	1.662809
4.935482	1.589226
4.943546	1.659623
4.951611	1.595597
4.959675	1.675869
4.967740	1.612798
4.975804	1.609931
4.983869	1.614391
4.991933	1.581581

