LabVIEW Measurement	
Writer_Version	2
Reader_Version	2
Separator	Tab
Decimal_Separator	.
Multi_Headings	Yes
X_Columns	One
Time_Pref	Absolute
Operator	labuser
Date	2023/05/16
Time	11:16:39.5454876624997212024
***End_of_Header***	
	
Channels	1	
Samples	620	
Date	2023/05/16	
Time	11:16:39.5454876624997212024	
Y_Unit_Label	Volts	
X_Dimension	Time	
X0	0.0000000000000000E+0	
Delta_X	0.008065	
***End_of_Header***		
X_Value	Voltage	Comment
0.000000	1.517237
0.008065	1.596553
0.016129	1.452255
0.024194	1.570114
0.032258	1.637644
0.040323	1.318150
0.048387	1.611524
0.056452	1.299357
0.064516	1.625858
0.072581	1.641148
0.080645	1.605153
0.088710	1.531889
0.096774	1.565973
0.104839	1.577122
0.112903	1.510229
0.120968	1.410526
0.129032	1.584130
0.137097	1.591775
0.145161	1.394600
0.153226	1.532208
0.161290	1.651660
0.169355	1.607064
0.177419	1.560876
0.185484	1.633185
0.193548	1.285341
0.201613	1.635733
0.209677	1.586041
0.217742	1.621399
0.225806	1.528067
0.233871	1.631273
0.241935	1.491117
0.250000	1.580307
0.258064	1.578077
0.266129	1.508955
0.274193	1.590500
0.282258	1.593367
0.290322	1.615983
0.298387	1.420720
0.306451	1.664720
0.314516	1.558010
0.322581	1.576803
0.330645	1.598464
0.338710	1.522015
0.346774	1.625540
0.354839	1.575211
0.362903	1.635414
0.370968	1.617258
0.379032	1.639555
0.387097	1.613754
0.395161	1.623310
0.403226	1.663127
0.411290	1.545905
0.419355	1.595597
0.427419	1.611205
0.435484	1.579670
0.443548	1.613117
0.451613	1.526156
0.459677	1.598782
0.467742	1.401607
0.475806	1.626495
0.483871	1.429639
0.491935	1.630955
0.500000	1.582218
0.508064	1.613754
0.516129	1.487294
0.524193	1.493665
0.532258	1.562151
0.540322	1.531889
0.548387	1.568840
0.556451	1.400652
0.564516	1.621717
0.572580	1.629999
0.580645	1.563743
0.588709	1.587315
0.596774	1.406385
0.604838	1.531571
0.612903	1.597508
0.620967	1.436010
0.629032	1.618213
0.637096	1.344589
0.645161	1.627451
0.653226	1.631273
0.661290	1.541764
0.669355	1.599738
0.677419	1.597827
0.685484	1.438558
0.693548	1.666631
0.701613	1.636370
0.709677	1.568840
0.717742	1.627451
0.725806	1.544949
0.733871	1.407660
0.741935	1.641785
0.750000	1.570114
0.758064	1.514051
0.766129	1.549728
0.774193	1.598782
0.782258	1.599419
0.790322	1.633822
0.798387	1.574574
0.806451	1.621399
0.814516	1.579989
0.822580	1.480605
0.830645	1.595916
0.838709	1.448432
0.846774	1.589226
0.854838	1.511184
0.862903	1.604516
0.870967	1.554187
0.879032	1.606109
0.887096	1.449070
0.895161	1.608020
0.903225	1.566929
0.911290	1.622673
0.919354	1.453848
0.927419	1.665675
0.935483	1.581263
0.943548	1.633822
0.951612	1.618213
0.959677	1.375169
0.967742	1.611205
0.975806	1.452255
0.983871	1.637007
0.991935	1.590500
1.000000	1.523926
1.008064	1.557372
1.016129	1.573936
1.024193	1.569158
1.032258	1.496532
1.040322	1.587952
1.048387	1.536986
1.056451	1.577440
1.064516	1.409571
1.072580	1.656119
1.080645	1.558965
1.088709	1.552276
1.096774	1.597190
1.104838	1.520422
1.112903	1.596553
1.120967	1.591456
1.129032	1.612480
1.137096	1.627769
1.145161	1.544631
1.153225	1.564699
1.161290	1.614709
1.169354	1.634459
1.177419	1.578077
1.185483	1.477101
1.193548	1.596553
1.201612	1.623310
1.209677	1.507362
1.217741	1.624903
1.225806	1.551320
1.233870	1.536030
1.241935	1.537623
1.249999	1.524882
1.258064	1.592093
1.266128	1.372620
1.274193	1.621080
1.282257	1.562788
1.290322	1.604198
1.298387	1.495576
1.306451	1.650386
1.314516	1.609931
1.322580	1.572025
1.330645	1.608020
1.338709	1.525519
1.346774	1.577440
1.354838	1.586678
1.362903	1.592412
1.370967	1.552276
1.379032	1.571388
1.387096	1.606109
1.395161	1.605153
1.403225	1.620762
1.411290	1.651341
1.419354	1.625221
1.427419	1.578715
1.435483	1.603560
1.443548	1.517874
1.451612	1.601649
1.459677	1.555461
1.467741	1.572981
1.475806	1.602286
1.483870	1.491117
1.491935	1.634140
1.499999	1.601649
1.508064	1.703581
1.516128	1.658349
1.524193	1.642741
1.532257	1.497487
1.540322	1.652934
1.548386	1.499399
1.556451	1.624903
1.564515	1.590500
1.572580	1.608976
1.580644	1.461174
1.588709	1.518192
1.596773	1.614709
1.604838	1.608339
1.612903	1.587952
1.620967	1.396192
1.629032	1.616302
1.637096	1.582218
1.645161	1.587952
1.653225	1.607064
1.661290	1.642422
1.669354	1.628088
1.677419	1.491117
1.685483	1.567884
1.693548	1.435372
1.701612	1.510229
1.709677	1.532208
1.717741	1.601968
1.725806	1.553869
1.733870	1.459581
1.741935	1.579033
1.749999	1.644970
1.758064	1.591138
1.766128	1.633503
1.774193	1.624265
1.782257	1.620443
1.790322	1.603242
1.798386	1.578396
1.806451	1.380584
1.814515	1.617576
1.822580	1.453529
1.830644	1.505769
1.838709	1.581263
1.846773	1.637963
1.854838	1.564380
1.862902	1.532845
1.870967	1.623947
1.879031	1.632547
1.887096	1.439513
1.895160	1.480605
1.903225	1.562469
1.911289	1.581581
1.919354	1.633185
1.927418	1.652934
1.935483	1.542083
1.943548	1.631592
1.951612	1.653252
1.959677	1.628406
1.967741	1.508636
1.975806	1.476782
1.983870	1.595916
1.991935	1.577759
1.999999	1.546861
2.008064	1.628088
2.016128	1.626177
2.024193	1.592412
2.032257	1.492391
2.040322	1.592412
2.048386	1.632866
2.056451	1.527111
2.064515	1.566610
2.072580	1.369435
2.080644	1.621080
2.088709	1.527111
2.096773	1.613435
2.104838	1.556098
2.112902	1.620443
2.120967	1.642422
2.129031	1.570114
2.137096	1.616302
2.145160	1.581900
2.153225	1.624903
2.161289	1.645289
2.169354	1.625858
2.177418	1.640192
2.185483	1.618532
2.193547	1.564380
2.201612	1.530297
2.209676	1.653889
2.217741	1.422631
2.225805	1.681602
2.233870	1.664720
2.241934	1.659305
2.249999	1.529978
2.258064	1.649430
2.266128	1.551639
2.274193	1.522970
2.282257	1.602286
2.290322	1.531571
2.298386	1.525837
2.306451	1.571070
2.314515	1.535075
2.322580	1.641148
2.330644	1.613435
2.338709	1.526793
2.346773	1.638281
2.354838	1.465315
2.362902	1.634777
2.370967	1.586678
2.379031	1.657393
2.387096	1.544631
2.395160	1.509592
2.403225	1.441106
2.411289	1.625540
2.419354	1.412438
2.427418	1.659305
2.435483	1.630955
2.443547	1.561832
2.451612	1.642741
2.459676	1.570751
2.467741	1.540171
2.475805	1.582218
2.483870	1.517874
2.491934	1.597508
2.499999	1.592093
2.508063	1.582856
2.516128	1.543357
2.524192	1.485064
2.532257	1.492391
2.540321	1.514370
2.548386	1.542083
2.556450	1.581900
2.564515	1.573936
2.572579	1.583811
2.580644	1.612161
2.588709	1.565973
2.596773	1.618532
2.604838	1.590500
2.612902	1.444929
2.620967	1.628725
2.629031	1.633822
2.637096	1.540171
2.645160	1.457989
2.653225	1.590500
2.661289	1.610568
2.669354	1.609613
2.677418	1.633185
2.685483	1.459581
2.693547	1.624903
2.701612	1.463085
2.709676	1.602286
2.717741	1.639237
2.725805	1.590182
2.733870	1.632547
2.741934	1.607064
2.749999	1.585722
2.758063	1.611205
2.766128	1.556735
2.774192	1.637326
2.782257	1.625540
2.790321	1.633822
2.798386	1.625540
2.806450	1.650704
2.814515	1.616621
2.822579	1.422631
2.830644	1.648156
2.838708	1.539853
2.846773	1.486976
2.854837	1.377717
2.862902	1.595916
2.870966	1.611205
2.879031	1.577440
2.887095	1.600057
2.895160	1.518829
2.903225	1.624903
2.911289	1.575211
2.919354	1.625221
2.927418	1.601649
2.935483	1.624903
2.943547	1.623947
2.951612	1.628406
2.959676	1.573936
2.967741	1.370391
2.975805	1.622036
2.983870	1.566929
2.991934	1.601649
2.999999	1.590819
3.008063	1.553869
3.016128	1.628406
3.024192	1.489842
3.032257	1.629999
3.040321	1.570751
3.048386	1.646882
3.056450	1.397785
3.064515	1.651023
3.072579	1.430276
3.080644	1.619169
3.088708	1.645926
3.096773	1.565973
3.104837	1.528067
3.112902	1.541764
3.120966	1.620443
3.129031	1.660579
3.137095	1.636688
3.145160	1.621080
3.153224	1.634459
3.161289	1.352871
3.169353	1.639237
3.177418	1.620124
3.185482	1.627132
3.193547	1.541446
3.201611	1.651660
3.209676	1.482835
3.217740	1.623310
3.225805	1.467226
3.233870	1.497487
3.241934	1.562788
3.249999	1.358923
3.258063	1.610250
3.266128	1.626814
3.274192	1.601649
3.282257	1.616302
3.290321	1.399696
3.298386	1.561832
3.306450	1.590500
3.314515	1.532527
3.322579	1.551002
3.330644	1.619487
3.338708	1.586678
3.346773	1.565973
3.354837	1.640192
3.362902	1.662809
3.370966	1.624584
3.379031	1.289801
3.387095	1.650386
3.395160	1.611205
3.403224	1.530934
3.411289	1.430276
3.419353	1.652297
3.427418	1.585722
3.435482	1.628725
3.443547	1.603560
3.451611	1.311143
3.459676	1.592093
3.467740	1.530297
3.475805	1.616621
3.483869	1.383451
3.491934	1.661534
3.499998	1.414667
3.508063	1.590819
3.516127	1.608976
3.524192	1.508955
3.532256	1.595597
3.540321	1.453848
3.548386	1.590182
3.556450	1.607383
3.564515	1.585722
3.572579	1.535393
3.580644	1.516600
3.588708	1.550046
3.596773	1.631910
3.604837	1.505769
3.612902	1.637644
3.620966	1.485701
3.629031	1.582218
3.637095	1.591456
3.645160	1.505769
3.653224	1.570433
3.661289	1.643696
3.669353	1.609613
3.677418	1.373895
3.685482	1.638600
3.693547	1.382495
3.701611	1.603560
3.709676	1.570433
3.717740	1.519785
3.725805	1.593049
3.733869	1.557691
3.741934	1.582537
3.749998	1.642741
3.758063	1.622673
3.766127	1.571070
3.774192	1.605472
3.782256	1.594323
3.790321	1.640829
3.798385	1.567884
3.806450	1.639874
3.814514	1.542401
3.822579	1.541446
3.830643	1.610887
3.838708	1.514688
3.846772	1.555780
3.854837	1.516281
3.862901	1.375487
3.870966	1.652297
3.879031	1.605153
3.887095	1.509273
3.895160	1.305409
3.903224	1.606109
3.911289	1.580944
3.919353	1.550683
3.927418	1.600694
3.935482	1.579033
3.943547	1.640192
3.951611	1.516918
3.959676	1.637644
3.967740	1.598782
3.975805	1.637963
3.983869	1.632866
3.991934	1.482835
3.999998	1.628406
4.008063	1.532208
4.016127	1.529023
4.024192	1.579670
4.032256	1.422949
4.040321	1.339811
4.048385	1.613435
4.056450	1.363701
4.064514	1.554506
4.072579	1.648156
4.080643	1.459263
4.088708	1.634777
4.096772	1.482516
4.104837	1.648474
4.112901	1.576485
4.120966	1.582537
4.129030	1.654527
4.137095	1.458626
4.145159	1.610887
4.153224	1.600694
4.161288	1.577440
4.169353	1.612798
4.177417	1.632866
4.185482	1.595916
4.193547	1.598464
4.201611	1.628088
4.209676	1.534756
4.217740	1.577122
4.225805	1.508636
4.233869	1.607701
4.241934	1.592412
4.249998	1.577122
4.258063	1.441106
4.266127	1.617895
4.274192	1.634140
4.282256	1.558328
4.290321	1.420083
4.298385	1.629681
4.306450	1.483790
4.314514	1.602286
4.322579	1.623310
4.330643	1.613754
4.338708	1.427409
4.346772	1.628725
4.354837	1.597508
4.362901	1.585722
4.370966	1.564380
4.379030	1.621399
4.387095	1.637644
4.395159	1.544949
4.403224	1.612480
4.411288	1.294897
4.419353	1.640192
4.427417	1.537942
4.435482	1.498443
4.443546	1.615665
4.451611	1.572344
4.459675	1.616621
4.467740	1.547816
4.475804	1.586997
4.483869	1.632866
4.491933	1.644015
4.499998	1.633822
4.508062	1.432187
4.516127	1.507999
4.524192	1.552913
4.532256	1.545587
4.540321	1.566292
4.548385	1.617576
4.556450	1.631273
4.564514	1.345226
4.572579	1.568203
4.580643	1.501628
4.588708	1.614072
4.596772	1.545905
4.604837	1.563106
4.612901	1.609294
4.620966	1.442699
4.629030	1.632229
4.637095	1.440788
4.645159	1.629999
4.653224	1.499399
4.661288	1.608339
4.669353	1.613117
4.677417	1.591138
4.685482	1.630636
4.693546	1.586678
4.701611	1.493983
4.709675	1.608657
4.717740	1.511822
4.725804	1.471049
4.733869	1.287252
4.741933	1.652297
4.749998	1.640511
4.758062	1.622354
4.766127	1.563743
4.774191	1.605153
4.782256	1.553869
4.790320	1.572981
4.798385	1.616621
4.806449	1.589545
4.814514	1.634777
4.822578	1.624903
4.830643	1.513414
4.838708	1.648156
4.846772	1.588589
4.854837	1.584767
4.862901	1.618850
4.870966	1.491754
4.879030	1.611205
4.887095	1.572981
4.895159	1.654208
4.903224	1.434735
4.911288	1.626177
4.919353	1.601968
4.927417	1.606109
4.935482	1.393325
4.943546	1.409571
4.951611	1.635733
4.959675	1.654208
4.967740	1.551957
4.975804	1.562788
4.983869	1.385680
4.991933	1.621399

